case1	ENSSSCG00000029037	61	28	0	11	45	0	4	0	5	0	0.021941076	14.79	0	0	2	Q1	1
case2	ENSSSCG00000021585	56	67	578	18	177	6	1	34	5	0	0.051473654	6.19	0	0	1	Q1	1
case3	ENSSSCG00000016628	28	61	2615	23	5	0	2	148	1	0	0.11151874	13.03	0	0	1	Q1	1
case4	ENSSSCG00000005109	52	34	2232	74	55	3	5	110	3	0	0.021941076	0.33	1	0	4	Q1	1
case5	ENSSSCG00000003428	60	70	487	67	128	1	4	17	2	0	0.088807365	16.2	2	0	2	Q1	1
case6	ENSSSCG00000003088	28	22	36	35	43	11	2	3	4	1	0.041385211	1138.49	1	0	1	Q1	1
case7	ENSSSCG00000036883	29	37	179	7	77	3	2	12	4	0	0.223590032	57.11	0	0	0	Q2	1
case8	ENSSSCG00000034973	101	64	1009	15	167	3	0	61	6	0	0.179009118	303.27	0	0	3	Q2	1
case9	ENSSSCG00000028512	43	33	645	48	71	4	4	54	3	0	0.156956278	82	6	0	0	Q2	1
case10	ENSSSCG00000026951	26	71	714	18	16	1	1	36	1	0	0.538342052	602.26	12	1	4	Q2	1
case11	ENSSSCG00000025691	31	44	132	22	24	1	2	10	4	0	0.121567487	64.27	0	0	4	Q2	1
case12	ENSSSCG00000025618	37	58	206	87	73	1	3	16	7	0	0.538342052	446.43	12	1	1	Q2	1
case13	ENSSSCG00000025188	86	75	4053	35	243	5	3	211	6	0	0.053102586	0.18	1	2	0	Q2	1
case14	ENSSSCG00000017913	78	73	53	51	88	6	2	2	5	0	0.405685735	76.59	0	0	2	Q2	1
case15	ENSSSCG00000012853	26	66	25	34	47	3	0	2	3	0	0.538342052	222.69	0	6	8	Q2	1
case16	ENSSSCG00000012257	44	25	1385	11	26	2	2	132	0	0	0.547226335	149.55	2	0	0	Q2	1
case17	ENSSSCG00000012077	126	97	1141	69	51	7	3	62	5	1	0.538342052	739.73	1	0	3	Q2	1
case18	ENSSSCG00000006126	28	49	595	37	42	1	0	66	4	0	0.168881583	18.53	0	0	0	Q2	1
case19	ENSSSCG00000005109	52	34	2232	74	55	3	5	110	3	0	0.053102586	0	0	0	0	Q2	1
case20	ENSSSCG00000002475	69	143	949	24	53	7	4	54	2	0	0.168881583	0	0	0	0	Q2	1
case21	ENSSSCG00000001463	59	63	90	41	25	2	4	3	3	0	0.538342052	252.82	12	1	4	Q2	1
case22	ENSSSCG00000001409	39	43	146	277	112	5	3	19	9	3	0.218178103	160.01	13	2	2	Q2	1
case23	ENSSSCG00000039169	65	44	50	6	28	2	3	1	2	0	0.405685735	1.58	0	0	1	Q3	1
case24	ENSSSCG00000038644	30	35	20	2	18	3	6	1	5	0	0.275318679	5.63	0	0	2	Q3	1
case25	ENSSSCG00000038627	55	56	7645	59	31	3	4	631	1	0	0.405685735	2.26	0	0	1	Q3	1
case26	ENSSSCG00000034973	101	64	1009	15	167	3	0	61	6	0	0.179009118	303.27	0	0	3	Q3	1
case27	ENSSSCG00000030585	35	29	12	8	0	3	5	1	0	0	0.275318679	11.12	0	3	0	Q3	1
case28	ENSSSCG00000026605	92	124	2015	22	46	0	2	105	3	0	0.11253525	16.36	1	2	1	Q3	1
case29	ENSSSCG00000025691	31	44	132	22	24	1	2	10	4	0	0.121567487	64.27	0	0	4	Q3	1
case30	ENSSSCG00000025618	37	58	206	87	73	1	3	16	7	0	0.538342052	446.43	12	1	1	Q3	1
case31	ENSSSCG00000024252	90	85	172	4	126	7	4	11	3	0	0.168881583	0	0	0	1	Q3	1
case32	ENSSSCG00000020924	73	51	0	16	16	3	2	0	1	0	0.170447367	0	1	0	1	Q3	1
case33	ENSSSCG00000017913	78	73	53	51	88	6	2	2	5	0	0.405685735	76.59	0	0	2	Q3	1
case34	ENSSSCG00000017251	41	69	24	57	112	2	4	1	16	0	0.168456268	9.18	0	0	3	Q3	1
case35	ENSSSCG00000016856	36	56	2133	17	36	1	10	167	0	0	0.168881583	77.9	0	0	0	Q3	1
case36	ENSSSCG00000015733	58	75	12741	143	107	7	7	657	6	0	0.218178103	2.06	0	0	1	Q3	1
case37	ENSSSCG00000014985	51	69	1423	42	36	6	4	173	1	0	0.405685735	123.62	0	1	2	Q3	1
case38	ENSSSCG00000014213	50	42	5125	14	9	4	5	484	0	1	0.168881583	0.39	0	0	1	Q3	1
case39	ENSSSCG00000012853	26	66	25	34	47	3	0	2	3	0	0.538342052	222.69	0	6	8	Q3	1
case40	ENSSSCG00000012077	126	97	1141	69	51	7	3	62	5	1	0.538342052	739.73	1	0	3	Q3	1
case41	ENSSSCG00000011862	35	76	899	11	31	7	6	66	0	0	0.547226335	535.27	38	2	2	Q3	1
case42	ENSSSCG00000011851	48	37	1893	15	96	2	2	84	6	0	0.405685735	6.5	22	2	1	Q3	1
case43	ENSSSCG00000010316	22	67	3702	145	76	0	0	229	7	2	0.131299104	25.98	0	0	1	Q3	1
case44	ENSSSCG00000006830	55	35	1852	31	17	7	3	117	2	0	0.218178103	46.41	0	0	1	Q3	1
case45	ENSSSCG00000004886	32	60	3425	32	64	1	2	239	9	0	0.131299104	0.25	0	0	1	Q3	1
case46	ENSSSCG00000004347	60	48	1481	40	43	3	6	96	1	0	0.053102586	18.51	0	4	1	Q3	1
case47	ENSSSCG00000004001	24	20	6115	6	14	1	4	328	0	0	0.168881583	0.28	0	0	1	Q3	1
case48	ENSSSCG00000003433	53	57	1256	150	103	4	2	50	3	0	0.218178103	29.55	1	1	6	Q3	1
case49	ENSSSCG00000003402	39	64	453	70	16	6	4	33	0	0	0.701202268	545.02	11	0	1	Q3	1
case50	ENSSSCG00000002873	73	48	864	59	47	1	7	47	3	0	0.240417016	337.67	0	0	2	Q3	1
case51	ENSSSCG00000035805	32	88	134	8	56	3	3	13	3	0	0.020288533	7.44	0	1	2	Q4	1
case52	ENSSSCG00000020924	73	51	0	16	16	3	2	0	1	0	0.427059759	2.77	0	0	1	Q4	1
case53	ENSSSCG00000014985	51	69	1423	42	36	6	4	173	1	0	0.117014672	3.61	0	0	0	Q4	1
case54	ENSSSCG00000006754	85	59	817	26	54	4	11	33	4	0	0.025416065	1.42	1	0	2	Q4	1
case55	ENSSSCG00000005193	56	55	452	16	53	2	0	27	1	0	0.005461422	2.52	0	0	4	Q4	1
case56	ENSSSCG00000002361	46	77	178	28	38	5	3	14	3	0	0.069611073	1	2	1	8	Q4	1
case57	ENSSSCG00000040961	28	34	35	7	41	6	2	2	4	0	0.11253629	1.42	0	0	2	Q5	1
case58	ENSSSCG00000040793	61	39	237	56	160	3	3	17	6	0	0.11253629	187.53	6	18	2	Q5	1
case59	ENSSSCG00000040681	40	43	126	13	24	2	6	10	0	0	0.682512202	11212.17	2	1	0	Q5	1
case60	ENSSSCG00000040464	64	102	687	6	127	1	1	28	6	0	0.682512202	64.44	1	0	1	Q5	1
case61	ENSSSCG00000038918	141	78	155	87	208	6	5	7	3	0	0.073558183	174.38	2	5	0	Q5	1
case62	ENSSSCG00000038500	29	101	109	37	191	3	1	4	16	0	0.069200119	19.38	0	2	5	Q5	1
case63	ENSSSCG00000037910	46	88	48	39	87	8	5	6	8	0	0.11253629	45.23	0	0	5	Q5	1
case64	ENSSSCG00000036883	29	37	179	7	77	3	2	12	4	0	0.682512202	886.19	0	6	4	Q5	1
case65	ENSSSCG00000036236	62	111	4876	7	138	1	4	449	8	0	0.682512202	771.17	20	2	9	Q5	1
case66	ENSSSCG00000035949	77	66	13691	45	33	3	4	1051	2	0	0.042472743	33.69	6	0	2	Q5	1
case67	ENSSSCG00000035293	80	68	507	23	84	0	6	33	12	0	0.11253629	234.86	6	19	1	Q5	1
case68	ENSSSCG00000034689	89	77	86	7	70	3	3	1	3	1	0.682512202	159.58	0	0	0	Q5	1
case69	ENSSSCG00000034610	27	68	3897	1	41	3	5	226	6	0	0.11253629	0.28	0	0	6	Q5	1
case70	ENSSSCG00000034212	84	83	42	46	117	3	4	4	11	0	0.018485991	0	0	1	2	Q5	1
case71	ENSSSCG00000034102	0	52	259	12	4	0	3	15	0	0	0.682512202	5524.61	5	1	1	Q5	1
case72	ENSSSCG00000034035	65	80	88	14	60	4	2	10	5	1	0.046044683	9.48	0	0	0	Q5	1
case73	ENSSSCG00000033626	44	72	404	87	101	6	5	19	5	2	0.01640412	56.78	0	0	3	Q5	1
case74	ENSSSCG00000032782	42	62	181	15	126	5	5	10	10	0	0.073558183	44.08	0	3	0	Q5	1
case75	ENSSSCG00000032242	30	45	138	17	68	0	2	4	8	0	0.032314731	22.55	17	3	6	Q5	1
case76	ENSSSCG00000031100	112	95	0	15	23	3	3	2	0	0	0.016361723	0	0	1	1	Q5	1
case77	ENSSSCG00000030707	104	99	761	26	66	1	2	50	3	0	0.069200119	45.94	0	1	1	Q5	1
case78	ENSSSCG00000029944	32	64	173	157	106	2	5	21	9	0	0.682512202	2368.42	6	1	1	Q5	1
case79	ENSSSCG00000029637	84	92	3041	103	18	0	5	200	0	1	0.032314731	42.61	1	0	3	Q5	1
case80	ENSSSCG00000028322	53	62	59	34	166	4	1	3	21	0	0.11253629	72.68	0	0	1	Q5	1
case81	ENSSSCG00000027898	36	80	4634	59	93	7	10	287	5	0	0.042472743	23.04	0	0	1	Q5	1
case82	ENSSSCG00000027609	35	50	968	8	9	2	8	74	2	0	0.021879706	5.41	1	0	2	Q5	1
case83	ENSSSCG00000026330	95	96	363	3	53	7	7	16	4	0	0.036579826	0.13	0	0	3	Q5	1
case84	ENSSSCG00000025777	86	67	9873	79	46	3	5	506	2	0	0.014622318	2.68	0	1	1	Q5	1
case85	ENSSSCG00000025698	57	75	140	52	26	1	6	4	1	0	0.11253629	59.51	1	0	0	Q5	1
case86	ENSSSCG00000025188	86	75	4053	35	243	5	3	211	6	0	0.013043583	0.46	5	29	7	Q5	1
case87	ENSSSCG00000021954	92	78	0	12	34	8	8	0	1	0	0.016361723	0.21	0	1	1	Q5	1
case88	ENSSSCG00000021585	56	67	578	18	177	6	1	34	5	0	0.040252961	0.11	0	0	2	Q5	1
case89	ENSSSCG00000019232	97	95	0	0	0	4	1	0	0	0	0.016361723	0	6	1	1	Q5	1
case90	ENSSSCG00000017694	66	67	8484	206	32	6	5	533	2	0	0.682512202	297.55	0	2	6	Q5	1
case91	ENSSSCG00000017500	101	79	8	36	56	6	5	1	2	0	0.073558183	20.79	0	1	4	Q5	1
case92	ENSSSCG00000016977	38	44	0	1	5	6	4	0	0	0	0.036798356	0.35	3	0	0	Q5	1
case93	ENSSSCG00000016976	29	44	6209	23	72	0	2	336	0	0	0.013043583	27.29	7	0	0	Q5	1
case94	ENSSSCG00000016975	42	47	736	10	70	2	2	56	5	0	0.032314731	8.99	4	0	0	Q5	1
case95	ENSSSCG00000016628	28	61	2615	23	5	0	2	148	1	0	0.258086995	5.39	0	0	2	Q5	1
case96	ENSSSCG00000016200	63	77	670	23	174	11	2	62	19	1	0.073558183	0.38	0	1	1	Q5	1
case97	ENSSSCG00000014834	124	131	368	21	61	2	9	19	5	0	0.073558183	144.04	1	2	2	Q5	1
case98	ENSSSCG00000014811	30	73	423	172	31	5	1	31	2	0	0.032314731	88.59	2	2	1	Q5	1
case99	ENSSSCG00000014170	74	65	4140	46	134	6	4	398	6	0	0.11253629	125	0	0	1	Q5	1
case100	ENSSSCG00000013399	32	56	6090	19	63	6	7	559	9	0	0.031089576	33.17	0	0	3	Q5	1
case101	ENSSSCG00000013392	46	44	938	129	22	7	0	68	1	0	0.032314731	75.24	0	1	3	Q5	1
case102	ENSSSCG00000013375	47	35	22	10	16	3	3	1	1	0	0.007665361	0.15	0	0	1	Q5	1
case103	ENSSSCG00000013366	50	56	318	67	52	3	6	28	2	0	0.073558183	140.91	1	0	4	Q5	1
case104	ENSSSCG00000013072	79	82	1563	62	87	6	11	94	3	0	0.021879706	20	2	5	9	Q5	1
case105	ENSSSCG00000012583	25	62	1285	90	97	4	3	98	6	0	0.04248883	40.05	20	0	2	Q5	1
case106	ENSSSCG00000011996	57	45	378	7	47	8	4	17	4	0	0.018485991	0.1	0	1	4	Q5	1
case107	ENSSSCG00000011579	25	43	2352	108	24	5	2	171	2	0	0.682512202	292.95	0	2	2	Q5	1
case108	ENSSSCG00000011568	60	52	126	4	33	0	1	7	0	0	0.11253629	0.06	0	0	1	Q5	1
case109	ENSSSCG00000010554	40	54	229	47	185	1	3	12	19	0	0.682512202	3645.97	876	29	20	Q5	1
case110	ENSSSCG00000009919	49	48	357	123	121	2	2	28	4	0	0.021879706	0.35	0	1	2	Q5	1
case111	ENSSSCG00000009179	64	64	2267	34	81	3	2	109	7	0	0.021879706	0.28	0	2	6	Q5	1
case112	ENSSSCG00000008603	85	77	1006	31	27	18	3	75	1	0	0.025368076	0.26	0	1	2	Q5	1
case113	ENSSSCG00000007337	47	129	5728	89	27	4	4	411	2	0	0.075103271	45.71	0	3	3	Q5	1
case114	ENSSSCG00000006872	79	93	4292	87	68	12	9	225	4	0	0.031089576	8.03	0	1	2	Q5	1
case115	ENSSSCG00000006355	47	68	35	1	5	2	3	0	0	0	0.021879706	6.74	2	2	1	Q5	1
case116	ENSSSCG00000006153	55	56	110	18	58	1	1	6	5	0	0.11253629	773.81	2	2	4	Q5	1
case117	ENSSSCG00000005494	85	99	3168	259	210	4	0	198	10	0	0.11253629	16.97	0	4	1	Q5	1
case118	ENSSSCG00000005215	49	53	3617	160	155	2	9	327	12	0	0.04248883	7.71	0	0	1	Q5	1
case119	ENSSSCG00000004904	46	56	0	12	26	2	2	0	1	0	0.034428683	0	2	2	11	Q5	1
case120	ENSSSCG00000004454	52	59	5120	44	33	6	3	309	0	0	0.682512202	326.92	5	0	1	Q5	1
case121	ENSSSCG00000004318	44	42	1711	44	12	2	5	132	1	0	0.031089576	16.32	0	0	0	Q5	1
case122	ENSSSCG00000003867	37	89	1049	5	62	3	0	54	3	1	0.032314731	81.49	0	0	0	Q5	1
case123	ENSSSCG00000003805	65	81	7868	80	95	0	2	394	7	0	0.04248883	9.37	12	1	3	Q5	1
case124	ENSSSCG00000003565	40	31	40	5	58	2	1	2	2	0	0.021879706	0.02	0	0	0	Q5	1
case125	ENSSSCG00000003428	60	70	487	67	128	1	4	17	2	0	0.032314731	15.49	1	2	3	Q5	1
case126	ENSSSCG00000003088	28	22	36	35	43	11	2	3	4	1	0.021879706	4334.63	2	0	2	Q5	1
case127	ENSSSCG00000003035	26	27	101	42	74	0	0	31	10	0	0.042472743	26.48	0	5	4	Q5	1
case128	ENSSSCG00000001539	34	62	1389	78	150	2	3	79	10	0	0.032314731	46.43	2	5	0	Q5	1
case129	ENSSSCG00000001478	59	77	4010	7	63	3	5	191	0	0	0.013043583	9.67	1	6	0	Q5	1
case130	ENSSSCG00000001475	71	51	127	87	87	5	1	8	7	1	0.032314731	85.35	1	6	4	Q5	1
case131	ENSSSCG00000001411	34	32	27	2	28	3	0	2	4	0	0.021879706	10.82	2	10	0	Q5	1
case132	ENSSSCG00000001404	51	56	30	28	62	2	1	2	2	0	0.11253629	3.19	1	14	2	Q5	1
case133	ENSSSCG00000000910	26	102	11624	19	27	2	9	641	3	0	0.019914506	37.01	2	3	4	Q5	1
case134	ENSSSCG00000000405	60	25	113	118	48	3	2	12	1	0	0.11253629	443.56	0	2	0	Q5	1
case135	ENSSSCG00000000182	46	49	261	16	92	4	2	23	3	0	0.010465473	2.65	0	0	3	Q5	1
case136	ENSSSCG00000000006	118	84	908	79	14	5	3	51	1	0	0.021879706	20.01	1	0	2	Q5	1
case137	ENSSSCG00000040793	61	39	237	56	160	3	3	17	6	0	0.199148428	187.53	6	18	2	Q6	1
case138	ENSSSCG00000040464	64	102	687	6	127	1	1	28	6	0	0.682512202	64.44	1	0	1	Q6	1
case139	ENSSSCG00000039557	95	51	1094	13	14	7	6	105	2	0	0.764800782	178.26	1	0	0	Q6	1
case140	ENSSSCG00000038918	141	78	155	87	208	6	5	7	3	0	0.667841098	174.38	2	5	0	Q6	1
case141	ENSSSCG00000037910	46	88	48	39	87	8	5	6	8	0	0.199148428	45.23	0	1	5	Q6	1
case142	ENSSSCG00000035805	32	88	134	8	56	3	3	13	3	0	0.19192986	0.73	0	0	2	Q6	1
case143	ENSSSCG00000035293	80	68	507	23	84	0	6	33	12	0	0.199148428	234.86	6	19	1	Q6	1
case144	ENSSSCG00000034610	27	68	3897	1	41	3	5	226	6	0	0.199148428	0.28	0	0	6	Q6	1
case145	ENSSSCG00000029637	84	92	3041	103	18	0	5	200	0	1	0.277335058	42.61	1	0	3	Q6	1
case146	ENSSSCG00000025777	86	67	9873	79	46	3	5	506	2	0	0.122118663	2.68	0	0	1	Q6	1
case147	ENSSSCG00000025698	57	75	140	52	26	1	6	4	1	0	0.199148428	59.51	1	0	2	Q6	1
case148	ENSSSCG00000025188	86	75	4053	35	243	5	3	211	6	0	0.06081669	0.4	5	29	7	Q6	1
case149	ENSSSCG00000023331	30	37	19	2	9	1	3	4	0	0	0.137358718	783.7	0	2	1	Q6	1
case150	ENSSSCG00000017797	55	48	1487	32	91	5	5	103	4	0	0.199148428	6.01	0	0	1	Q6	1
case151	ENSSSCG00000017694	66	67	8484	206	32	6	5	533	2	0	0.682512202	297.55	0	2	6	Q6	1
case152	ENSSSCG00000016047	25	44	48	4	35	5	2	1	2	0	0.096494805	4.95	0	2	2	Q6	1
case153	ENSSSCG00000013399	32	56	6090	19	63	6	7	559	9	0	0.764800782	77.3	0	1	3	Q6	1
case154	ENSSSCG00000013380	55	57	1546	19	37	2	10	153	2	0	0.108645835	19.9	1	0	3	Q6	1
case155	ENSSSCG00000013366	50	56	318	67	52	3	6	28	2	0	0.667841098	6331.06	1	0	4	Q6	1
case156	ENSSSCG00000012257	44	25	1385	11	26	2	2	132	0	0	0.104114455	136.09	0	0	2	Q6	1
case157	ENSSSCG00000011996	57	45	378	7	47	8	4	17	4	0	0.038507618	0.1	0	1	4	Q6	1
case158	ENSSSCG00000009233	72	85	3282	10	59	6	9	163	2	0	0.086066306	18.25	5	0	1	Q6	1
case159	ENSSSCG00000007522	69	87	249	33	25	4	6	13	0	0	0.199148428	342.05	2	1	4	Q6	1
case160	ENSSSCG00000007496	100	103	2383	47	216	2	6	169	8	0	0.241127357	26.72	1	0	2	Q6	1
case161	ENSSSCG00000007494	83	95	454	67	122	12	4	23	4	0	0.113515617	13.01	1	0	3	Q6	1
case162	ENSSSCG00000007000	80	79	4855	943	334	2	9	378	14	0	0.199148428	27.44	0	0	0	Q6	1
case163	ENSSSCG00000006872	79	93	4292	87	68	12	9	225	4	0	0.764800782	289.63	0	1	4	Q6	1
case164	ENSSSCG00000006153	55	56	110	18	58	1	1	6	5	0	0.199148428	773.81	2	1	4	Q6	1
case165	ENSSSCG00000005382	68	36	1476	61	6	1	8	176	0	0	0.277335058	17.55	0	0	3	Q6	1
case166	ENSSSCG00000004904	46	56	0	12	26	2	2	0	1	0	0.090771905	0	2	2	11	Q6	1
case167	ENSSSCG00000004001	24	20	6115	6	14	1	4	328	0	0	0.139946255	3.28	0	6	0	Q6	1
case168	ENSSSCG00000003749	66	48	4866	57	172	1	2	270	14	0	0.06081669	11.76	0	2	3	Q6	1
case169	ENSSSCG00000003402	39	64	453	70	16	6	4	33	0	0	0.241127357	498.11	1	0	0	Q6	1
case170	ENSSSCG00000000910	26	102	11624	19	27	2	9	641	3	0	0.052439611	37.01	2	3	4	Q6	1
case171	ENSSSCG00000000907	48	62	6520	86	110	6	0	352	8	0	0.242052768	5.78	1	6	2	Q6	1
case172	ENSSSCG00000040681	40	43	126	13	24	2	6	10	0	0	0.682512202	9665.59	0	1	3	Q7	1
case173	ENSSSCG00000039103	62	67	345	22	107	2	4	14	8	0	0.682512202	4327.17	1	0	0	Q7	1
case174	ENSSSCG00000038348	86	86	699	37	92	5	7	58	9	0	0.277335058	16.85	0	0	1	Q7	1
case175	ENSSSCG00000037910	46	88	48	39	87	8	5	6	8	0	0.199148428	45.23	0	0	2	Q7	1
case176	ENSSSCG00000036883	29	37	179	7	77	3	2	12	4	0	0.682512202	886.19	2	10	5	Q7	1
case177	ENSSSCG00000036310	36	29	51	33	59	5	2	5	3	0	0.241127357	13.69	0	0	2	Q7	1
case178	ENSSSCG00000035949	77	66	13691	45	33	3	4	1051	2	0	0.120510699	28.46	2	2	3	Q7	1
case179	ENSSSCG00000035863	70	41	792	57	213	6	2	34	11	0	0.199148428	78.68	0	0	0	Q7	1
case180	ENSSSCG00000035686	30	17	430	51	66	1	3	36	6	0	0.667841098	333.32	0	2	2	Q7	1
case181	ENSSSCG00000035293	80	68	507	23	84	0	6	33	12	0	0.199148428	580.72	0	5	1	Q7	1
case182	ENSSSCG00000034942	30	48	94	10	104	6	3	13	6	0	0.141754596	4.53	0	1	1	Q7	1
case183	ENSSSCG00000034708	62	45	387	7	64	3	6	55	5	0	0.199148428	8.95	10	1	4	Q7	1
case184	ENSSSCG00000034610	27	68	3897	1	41	3	5	226	6	0	0.199148428	0.28	0	0	1	Q7	1
case185	ENSSSCG00000033626	44	72	404	87	101	6	5	19	5	2	0.096494805	56.78	0	0	3	Q7	1
case186	ENSSSCG00000033383	83	69	87	15	134	9	2	5	7	0	0.06081669	5.98	0	1	1	Q7	1
case187	ENSSSCG00000033207	24	31	152	3	49	6	6	16	14	0	0.108645835	1.23	3	0	0	Q7	1
case188	ENSSSCG00000030707	104	99	761	26	66	1	2	50	3	0	0.241127357	40.04	1	1	5	Q7	1
case189	ENSSSCG00000029637	84	92	3041	103	18	0	5	200	0	1	0.277335058	42.61	0	0	1	Q7	1
case190	ENSSSCG00000029311	32	62	2307	38	58	3	3	194	1	0	0.764800782	263.01	0	6	1	Q7	1
case191	ENSSSCG00000028431	60	47	2782	58	109	3	2	171	6	0	0.139946255	266.33	0	0	1	Q7	1
case192	ENSSSCG00000028322	53	62	59	34	166	4	1	3	21	0	0.199148428	72.68	0	0	0	Q7	1
case193	ENSSSCG00000027898	36	80	4634	59	93	7	10	287	5	0	0.120510699	43.82	0	0	1	Q7	1
case194	ENSSSCG00000027801	56	104	50	14	18	7	4	0	2	1	0.139946255	16.33	0	0	2	Q7	1
case195	ENSSSCG00000027609	35	50	968	8	9	2	8	74	2	0	0.139946255	5.41	1	0	1	Q7	1
case196	ENSSSCG00000026533	88	69	22	8	115	16	18	5	9	0	0.667841098	74.68	0	0	1	Q7	1
case197	ENSSSCG00000025820	44	70	935	40	60	2	5	50	3	0	0.129634791	46.42	0	2	1	Q7	1
case198	ENSSSCG00000025777	86	67	9873	79	46	3	5	506	2	0	0.122118663	2.4	4	1	0	Q7	1
case199	ENSSSCG00000025698	57	75	140	52	26	1	6	4	1	0	0.199148428	59.51	0	0	0	Q7	1
case200	ENSSSCG00000025284	72	80	617	33	53	10	2	39	0	0	0.667841098	359.16	1	1	1	Q7	1
case201	ENSSSCG00000025188	86	75	4053	35	243	5	3	211	6	0	0.06081669	0.4	0	7	4	Q7	1
case202	ENSSSCG00000023501	79	92	355	21	172	3	7	19	12	0	0.06081669	0.47	0	1	1	Q7	1
case203	ENSSSCG00000023472	13	21	503	19	43	1	5	32	1	1	0.139946255	5.49	0	0	1	Q7	1
case204	ENSSSCG00000022797	40	57	121	42	103	0	3	7	5	0	0.242052768	108.01	0	0	3	Q7	1
case205	ENSSSCG00000022404	73	106	286	59	19	4	7	20	2	1	0.199148428	173.41	1	1	1	Q7	1
case206	ENSSSCG00000019232	97	95	0	0	0	4	1	0	0	0	0.037448263	0.36	6	2	1	Q7	1
case207	ENSSSCG00000018805	74	90	0	0	0	4	4	0	0	0	0.037448263	36.16	6	2	1	Q7	1
case208	ENSSSCG00000017756	43	60	3917	7	27	3	7	360	5	0	0.121872209	7.08	0	2	2	Q7	1
case209	ENSSSCG00000017500	101	79	8	36	56	6	5	1	2	0	0.667841098	3369.66	0	0	0	Q7	1
case210	ENSSSCG00000017313	66	79	2231	15	49	1	4	127	1	0	0.113515617	0.13	0	0	1	Q7	1
case211	ENSSSCG00000016200	63	77	670	23	174	11	2	62	19	1	0.667841098	37.3	30	5	17	Q7	1
case212	ENSSSCG00000015854	59	62	5854	19	39	7	1	325	0	0	0.082666169	5.64	0	1	3	Q7	1
case213	ENSSSCG00000015840	7	35	2472	39	76	2	3	209	5	0	0.06081669	3.3	0	0	0	Q7	1
case214	ENSSSCG00000015662	63	80	3500	20	56	1	7	234	5	0	0.199148428	1199.9	0	0	1	Q7	1
case215	ENSSSCG00000015639	94	89	151	38	177	3	7	7	5	1	0.038507618	0	0	1	1	Q7	1
case216	ENSSSCG00000015268	24	31	1174	26	22	2	0	76	1	0	0.139946255	160.41	0	0	3	Q7	1
case217	ENSSSCG00000014401	71	48	4457	132	258	4	5	295	31	2	0.277335058	34.57	5	1	1	Q7	1
case218	ENSSSCG00000014170	74	65	4140	46	134	6	4	398	6	0	0.199148428	125	0	0	18	Q7	1
case219	ENSSSCG00000013618	26	18	38	20	46	3	0	4	5	0	0.199148428	0.15	0	0	3	Q7	1
case220	ENSSSCG00000013392	46	44	938	129	22	7	0	68	1	0	0.277335058	75.24	0	0	0	Q7	1
case221	ENSSSCG00000013375	47	35	22	10	16	3	3	1	1	0	0.422053604	48.46	0	1	4	Q7	1
case222	ENSSSCG00000013366	50	56	318	67	52	3	6	28	2	0	0.667841098	6331.06	1	1	1	Q7	1
case223	ENSSSCG00000013354	83	51	475	23	2	7	9	42	0	0	0.064644796	1747.17	1	0	2	Q7	1
case224	ENSSSCG00000013181	62	78	498	62	145	2	2	24	3	1	0.139946255	655.01	0	1	1	Q7	1
case225	ENSSSCG00000013178	34	48	522	104	81	0	1	32	5	0	0.086066306	31.99	2	1	4	Q7	1
case226	ENSSSCG00000013072	79	82	1563	62	87	6	11	94	3	0	0.139946255	20	2	3	9	Q7	1
case227	ENSSSCG00000012583	25	62	1285	90	97	4	3	98	6	0	0.242052768	40.05	20	0	2	Q7	1
case228	ENSSSCG00000012257	44	25	1385	11	26	2	2	132	0	0	0.104114455	109.79	0	0	2	Q7	1
case229	ENSSSCG00000011996	57	45	378	7	47	8	4	17	4	0	0.038507618	0.1	0	1	1	Q7	1
case230	ENSSSCG00000011911	38	79	1069	16	24	3	0	52	2	0	0.037448263	1.02	0	0	1	Q7	1
case231	ENSSSCG00000011568	60	52	126	4	33	0	1	7	0	0	0.199148428	0	0	0	1	Q7	1
case232	ENSSSCG00000011106	81	92	2029	18	25	4	5	165	2	0	0.086066306	34.12	0	0	1	Q7	1
case233	ENSSSCG00000011018	54	73	842	45	168	1	12	54	9	0	0.06081669	7.7	0	0	0	Q7	1
case234	ENSSSCG00000010780	29	42	230	30	49	0	1	7	2	0	0.139946255	2.52	0	0	0	Q7	1
case235	ENSSSCG00000010554	40	54	229	47	185	1	3	12	19	0	0.682512202	3645.97	876	29	20	Q7	1
case236	ENSSSCG00000009919	49	48	357	123	121	2	2	28	4	0	0.139946255	0.35	0	1	2	Q7	1
case237	ENSSSCG00000009186	102	91	2467	59	83	2	12	134	4	0	0.764800782	40.64	0	1	2	Q7	1
case238	ENSSSCG00000009179	64	64	2267	34	81	3	2	109	7	0	0.139946255	0.28	0	1	6	Q7	1
case239	ENSSSCG00000008214	70	80	127	7	57	2	5	18	3	0	0.166678441	1.08	2	0	2	Q7	1
case240	ENSSSCG00000007799	61	83	94	26	11	1	1	3	2	1	0.667841098	34215.26	0	4	1	Q7	1
case241	ENSSSCG00000007528	87	59	10422	41	64	10	4	430	2	0	0.120510699	0.57	0	0	3	Q7	1
case242	ENSSSCG00000007527	79	83	701	4	63	8	2	29	5	0	0.153968325	0.64	0	0	5	Q7	1
case243	ENSSSCG00000007522	69	87	249	33	25	4	6	13	0	0	0.199148428	342.05	0	0	1	Q7	1
case244	ENSSSCG00000007505	52	92	1352	37	31	2	3	60	0	0	0.086066306	2.09	0	0	1	Q7	1
case245	ENSSSCG00000007496	100	103	2383	47	216	2	6	169	8	0	0.241127357	22.37	1	7	1	Q7	1
case246	ENSSSCG00000007491	100	102	0	19	9	6	3	0	0	0	0.037448263	0	1	7	1	Q7	1
case247	ENSSSCG00000006754	85	59	817	26	54	4	11	33	4	0	0.667841098	271.37	0	0	1	Q7	1
case248	ENSSSCG00000006719	43	53	176	26	86	3	7	17	3	0	0.141754596	12.53	0	2	0	Q7	1
case249	ENSSSCG00000006702	24	39	820	13	73	1	1	52	2	0	0.139946255	5.36	0	1	0	Q7	1
case250	ENSSSCG00000006141	38	26	679	25	36	4	3	47	2	0	0.667841098	1536.92	0	0	2	Q7	1
case251	ENSSSCG00000005918	20	55	143	51	98	2	6	3	1	1	0.104114455	26.33	0	1	2	Q7	1
case252	ENSSSCG00000005494	85	99	3168	259	210	4	0	198	10	0	0.199148428	12.93	0	1	3	Q7	1
case253	ENSSSCG00000005485	106	93	664	19	7	3	2	54	4	1	0.139946255	11.13	0	0	4	Q7	1
case254	ENSSSCG00000005215	49	53	3617	160	155	2	9	327	12	0	0.242052768	7.71	1	0	1	Q7	1
case255	ENSSSCG00000004904	46	56	0	12	26	2	2	0	1	0	0.090771905	0	0	0	1	Q7	1
case256	ENSSSCG00000004366	64	100	1349	10	155	1	3	67	4	0	0.667841098	25.35	9	1	1	Q7	1
case257	ENSSSCG00000004318	44	42	1711	44	12	2	5	132	1	0	0.764800782	37.08	0	0	1	Q7	1
case258	ENSSSCG00000004172	72	45	2467	25	85	5	3	180	6	0	0.108645835	5.23	1	4	1	Q7	1
case259	ENSSSCG00000003805	65	81	7868	80	95	0	2	394	7	0	0.242052768	26.75	12	0	1	Q7	1
case260	ENSSSCG00000003749	66	48	4866	57	172	1	2	270	14	0	0.06081669	11.76	0	0	1	Q7	1
case261	ENSSSCG00000003565	40	31	40	5	58	2	1	2	2	0	0.139946255	0.29	3	0	1	Q7	1
case262	ENSSSCG00000003491	49	81	183	47	37	2	3	12	0	0	0.082666169	35.43	0	5	2	Q7	1
case263	ENSSSCG00000002697	82	91	649	11	30	2	5	32	2	0	0.139946255	44.74	0	0	2	Q7	1
case264	ENSSSCG00000002475	69	143	949	24	53	7	4	54	2	0	0.139946255	0.17	2	1	1	Q7	1
case265	ENSSSCG00000002361	46	77	178	28	38	5	3	14	3	0	0.153968325	0	0	0	3	Q7	1
case266	ENSSSCG00000002013	28	21	182	20	26	2	1	12	0	0	0.086066306	135.67	1	1	1	Q7	1
case267	ENSSSCG00000001478	59	77	4010	7	63	3	5	191	0	0	0.06081669	9.67	1	2	0	Q7	1
case268	ENSSSCG00000001428	50	37	32	20	26	1	0	2	2	0	0.199148428	68.69	0	6	0	Q7	1
case269	ENSSSCG00000001404	51	56	30	28	62	2	1	2	2	0	0.199148428	0.56	0	2	1	Q7	1
case270	ENSSSCG00000000910	26	102	11624	19	27	2	9	641	3	0	0.052439611	37.01	0	3	1	Q7	1
case271	ENSSSCG00000000907	48	62	6520	86	110	6	0	352	8	0	0.242052768	5.78	0	3	1	Q7	1
case272	ENSSSCG00000000755	44	65	12196	43	8	4	1	907	1	0	0.121872209	20.28	0	2	4	Q7	1
case273	ENSSSCG00000000492	67	57	152	12	39	4	6	18	1	0	0.199148428	18.21	0	0	2	Q7	1
case274	ENSSSCG00000000405	60	25	113	118	48	3	2	12	1	0	0.199148428	1261.47	0	0	1	Q7	1
case275	ENSSSCG00000000006	118	84	908	79	14	5	3	51	1	0	0.139946255	21.54	0	0	1	Q7	1
case276	ENSSSCG00000039103	62	67	345	22	107	2	4	14	8	0	0.101995966	23.95	0	0	0	Q8	1
case277	ENSSSCG00000038348	86	86	699	37	92	5	7	58	9	0	0.277335058	15.68	0	0	0	Q8	1
case278	ENSSSCG00000036883	29	37	179	7	77	3	2	12	4	0	0.101995966	485.25	0	0	0	Q8	1
case279	ENSSSCG00000035686	30	17	430	51	66	1	3	36	6	0	0.667841098	333.32	0	0	0	Q8	1
case280	ENSSSCG00000032782	42	62	181	15	126	5	5	10	10	0	0.667841098	101.43	0	0	0	Q8	1
case281	ENSSSCG00000029311	32	62	2307	38	58	3	3	194	1	0	0.764800782	271.79	0	0	0	Q8	1
case282	ENSSSCG00000025188	86	75	4053	35	243	5	3	211	6	0	0.06081669	0.18	0	0	0	Q8	1
case283	ENSSSCG00000018805	74	90	0	0	0	4	4	0	0	0	0.037448263	36.16	0	0	0	Q8	1
case284	ENSSSCG00000017694	66	67	8484	206	32	6	5	533	2	0	0.101995966	5.95	0	0	0	Q8	1
case285	ENSSSCG00000017500	101	79	8	36	56	6	5	1	2	0	0.667841098	3369.66	0	0	0	Q8	1
case286	ENSSSCG00000016200	63	77	670	23	174	11	2	62	19	1	0.667841098	43.31	0	0	4	Q8	1
case287	ENSSSCG00000016047	25	44	48	4	35	5	2	1	2	0	0.096494805	5.29	0	0	0	Q8	1
case288	ENSSSCG00000015840	7	35	2472	39	76	2	3	209	5	0	0.06081669	2.23	0	0	0	Q8	1
case289	ENSSSCG00000014811	30	73	423	172	31	5	1	31	2	0	0.277335058	96.68	0	0	0	Q8	1
case290	ENSSSCG00000013399	32	56	6090	19	63	6	7	559	9	0	0.764800782	77.3	0	0	0	Q8	1
case291	ENSSSCG00000013375	47	35	22	10	16	3	3	1	1	0	0.422053604	48.46	0	0	0	Q8	1
case292	ENSSSCG00000013366	50	56	318	67	52	3	6	28	2	0	0.667841098	6928.41	0	0	0	Q8	1
case293	ENSSSCG00000012583	25	62	1285	90	97	4	3	98	6	0	0.242052768	22.17	0	0	1	Q8	1
case294	ENSSSCG00000012257	44	25	1385	11	26	2	2	132	0	0	0.104114455	14.56	0	0	0	Q8	1
case295	ENSSSCG00000011996	57	45	378	7	47	8	4	17	4	0	0.038507618	0.02	0	0	0	Q8	1
case296	ENSSSCG00000010428	50	53	35	4	28	7	7	3	2	0	0.199148428	0.26	0	2	0	Q8	1
case297	ENSSSCG00000009919	49	48	357	123	121	2	2	28	4	0	0.139946255	0.25	0	0	0	Q8	1
case298	ENSSSCG00000006141	38	26	679	25	36	4	3	47	2	0	0.667841098	1664.69	0	0	0	Q8	1
case299	ENSSSCG00000005494	85	99	3168	259	210	4	0	198	10	0	0.199148428	4.55	0	0	0	Q8	1
case300	ENSSSCG00000005485	106	93	664	19	7	3	2	54	4	1	0.139946255	0	0	1	0	Q8	1
case301	ENSSSCG00000003867	37	89	1049	5	62	3	0	54	3	1	0.277335058	33.3	0	0	0	Q8	1
case302	ENSSSCG00000003749	66	48	4866	57	172	1	2	270	14	0	0.06081669	5.74	0	0	0	Q8	1
case303	ENSSSCG00000003491	49	81	183	47	37	2	3	12	0	0	0.082666169	20.82	0	0	0	Q8	1
case304	ENSSSCG00000003035	26	27	101	42	74	0	0	31	10	0	0.120510699	24.53	0	0	0	Q8	1
case305	ENSSSCG00000002906	62	51	29	9	9	1	4	1	0	0	0.037448263	9.71	0	0	0	Q8	1
case306	ENSSSCG00000002829	51	63	987	128	102	1	2	43	6	0	0.277335058	94.6	0	0	0	Q8	1
case307	ENSSSCG00000002361	46	77	178	28	38	5	3	14	3	0	0.153968325	0	0	0	0	Q8	1
case308	ENSSSCG00000002029	30	59	1126	100	18	2	3	39	0	0	0.064644796	2729.57	13	0	0	Q8	1
case309	ENSSSCG00000001696	37	50	315	31	20	6	3	17	0	0	0.199148428	76.9	0	0	0	Q8	1
case310	ENSSSCG00000000755	44	65	12196	43	8	4	1	907	1	0	0.121872209	6.79	0	1	0	Q8	1
case311	ENSSSCG00000000492	67	57	152	12	39	4	6	18	1	0	0.199148428	2.66	0	0	0	Q8	1
case312	ENSSSCG00000000405	60	25	113	118	48	3	2	12	1	0	0.199148428	1261.47	0	0	0	Q8	1
case313	ENSSSCG00000000373	27	31	118	52	53	0	4	6	4	0	0.143375197	5.05	0	0	0	Q8	1
case314	ENSSSCG00000037910	46	88	48	39	87	8	5	6	8	0	0.294198879	29.57	0	0	1	Q9	1
case315	ENSSSCG00000035949	77	66	13691	45	33	3	4	1051	2	0	0.029584143	32.57	0	0	1	Q9	1
case316	ENSSSCG00000013354	83	51	475	23	2	7	9	42	0	0	0.053291321	0.37	0	0	1	Q9	1
case317	ENSSSCG00000012583	25	62	1285	90	97	4	3	98	6	0	0.052920216	63.84	0	0	1	Q9	1
case318	ENSSSCG00000007744	67	110	385	48	219	3	9	16	5	0	0.075252182	9.4	1	0	1	Q9	1
case319	ENSSSCG00000001428	50	37	32	20	26	1	0	2	2	0	0.294198879	66.97	0	2	5	Q9	1
case320	ENSSSCG00000001404	51	56	30	28	62	2	1	2	2	0	0.294198879	2.05	0	2	1	Q9	1
case321	ENSSSCG00000040961	28	34	35	7	41	6	2	2	4	0	0.312453153	165.24	0	0	9	Q10	1
case322	ENSSSCG00000035805	32	88	134	8	56	3	3	13	3	0	0.022132728	0.79	0	0	1	Q10	1
case323	ENSSSCG00000035293	80	68	507	23	84	0	6	33	12	0	0.312453153	2989.1	0	0	7	Q10	1
case324	ENSSSCG00000028717	51	53	774	38	38	1	2	40	2	0	0.845905319	553.57	0	0	6	Q10	1
case325	ENSSSCG00000027179	58	53	2059	53	11	2	2	100	0	1	0.045797585	5.18	1	0	0	Q10	1
case326	ENSSSCG00000027178	87	115	2235	46	63	5	6	92	0	0	0.045481961	2.27	0	1	6	Q10	1
case327	ENSSSCG00000025777	86	67	9873	79	46	3	5	506	2	0	0.803063808	119.52	2	3	2	Q10	1
case328	ENSSSCG00000024973	99	98	5595	55	96	2	3	217	4	0	0.06717569	215.03	0	0	0	Q10	1
case329	ENSSSCG00000024914	68	69	82	71	96	0	2	3	1	0	0.047655493	19.44	0	1	5	Q10	1
case330	ENSSSCG00000023738	141	95	5585	77	19	9	2	292	0	0	0.879872892	412.55	1	0	0	Q10	1
case331	ENSSSCG00000022230	56	80	1689	20	17	5	3	77	4	1	0.312453153	837.42	0	0	4	Q10	1
case332	ENSSSCG00000021355	85	65	288	14	20	12	8	25	4	0	0.047655493	1005.4	0	0	1	Q10	1
case333	ENSSSCG00000017755	98	92	6364	80	36	5	5	335	0	0	0.181056466	126.81	0	0	3	Q10	1
case334	ENSSSCG00000017472	58	71	534	31	155	5	7	32	6	0	0.312453153	306	0	0	3	Q10	1
case335	ENSSSCG00000017232	59	81	534	49	62	10	7	32	3	1	0.097629772	528.28	1	0	3	Q10	1
case336	ENSSSCG00000017231	57	63	108	34	223	8	5	1	13	1	0.097629772	37.16	0	0	8	Q10	1
case337	ENSSSCG00000016831	76	80	7128	53	48	8	4	529	0	0	0.845905319	47.92	1	0	1	Q10	1
case338	ENSSSCG00000016230	65	77	6100	58	35	12	2	347	2	0	0.049157174	114.88	6	1	16	Q10	1
case339	ENSSSCG00000016068	69	23	14159	75	46	20	2	922	1	1	0.049157174	23.8	1	0	6	Q10	1
case340	ENSSSCG00000014959	106	137	2573	47	129	5	3	126	4	0	0.745928218	83.41	0	0	1	Q10	1
case341	ENSSSCG00000014401	71	48	4457	132	258	4	5	295	31	2	0.250621331	46.49	1	0	0	Q10	1
case342	ENSSSCG00000011850	46	53	1227	31	33	4	1	56	0	0	0.312453153	60.49	0	0	2	Q10	1
case343	ENSSSCG00000010479	49	78	181	13	55	2	4	15	3	0	0.047655493	2652.61	0	0	3	Q10	1
case344	ENSSSCG00000009134	54	85	3537	99	131	0	6	163	2	0	0.045797585	69.44	2	2	6	Q10	1
case345	ENSSSCG00000008963	38	38	214	9	58	3	3	23	1	0	0.312453153	184.49	0	1	2	Q10	1
case346	ENSSSCG00000007858	82	76	894	17	64	1	9	33	6	0	0.045797585	12.41	0	1	0	Q10	1
case347	ENSSSCG00000005444	46	97	4284	43	26	2	3	280	0	0	0.149811633	365.44	0	0	3	Q10	1
case348	ENSSSCG00000005382	68	36	1476	61	6	1	8	176	0	0	0.250621331	84.34	0	0	0	Q10	1
case349	ENSSSCG00000005109	52	34	2232	74	55	3	5	110	3	0	0.745928218	104.03	1	0	4	Q10	1
case350	ENSSSCG00000004600	33	54	6206	50	139	1	3	453	5	0	0.250621331	62.39	1	0	2	Q10	1
case351	ENSSSCG00000003608	54	50	607	72	35	4	2	56	0	1	0.075847507	11.61	1	0	5	Q10	1
case352	ENSSSCG00000000590	49	32	1261	13	7	1	1	75	0	0	0.845905319	263.04	1	0	2	Q10	1
case353	ENSSSCG00000000182	46	49	261	16	92	4	2	23	3	0	0.529368313	3.37	0	0	1	Q10	1
case354	ENSSSCG00000040961	28	34	35	7	41	6	2	2	4	0	0.199148428	30.59	0	0	2	Q11	1
case355	ENSSSCG00000040793	61	39	237	56	160	3	3	17	6	0	0.199148428	168.5	6	18	2	Q11	1
case356	ENSSSCG00000040464	64	102	687	6	127	1	1	28	6	0	0.682512202	64.44	1	0	1	Q11	1
case357	ENSSSCG00000038918	141	78	155	87	208	6	5	7	3	0	0.667841098	151.79	2	5	0	Q11	1
case358	ENSSSCG00000037910	46	88	48	39	87	8	5	6	8	0	0.199148428	61.72	0	1	5	Q11	1
case359	ENSSSCG00000036883	29	37	179	7	77	3	2	12	4	0	0.682512202	886.19	0	2	4	Q11	1
case360	ENSSSCG00000035949	77	66	13691	45	33	3	4	1051	2	0	0.696945982	80.22	6	0	2	Q11	1
case361	ENSSSCG00000035293	80	68	507	23	84	0	6	33	12	0	0.199148428	234.86	6	19	1	Q11	1
case362	ENSSSCG00000034610	27	68	3897	1	41	3	5	226	6	0	0.199148428	1.19	11	0	6	Q11	1
case363	ENSSSCG00000033383	83	69	87	15	134	9	2	5	7	0	0.06081669	7.46	7	0	2	Q11	1
case364	ENSSSCG00000030707	104	99	761	26	66	1	2	50	3	0	0.241127357	40.04	0	1	1	Q11	1
case365	ENSSSCG00000029637	84	92	3041	103	18	0	5	200	0	1	0.277335058	56.98	1	0	3	Q11	1
case366	ENSSSCG00000029311	32	62	2307	38	58	3	3	194	1	0	0.764800782	263.01	0	1	0	Q11	1
case367	ENSSSCG00000028322	53	62	59	34	166	4	1	3	21	0	0.199148428	72.68	1	1	1	Q11	1
case368	ENSSSCG00000027898	36	80	4634	59	93	7	10	287	5	0	0.696945982	167.8	0	0	1	Q11	1
case369	ENSSSCG00000027609	35	50	968	8	9	2	8	74	2	0	0.931103039	3670.94	4	0	2	Q11	1
case370	ENSSSCG00000026533	88	69	22	8	115	16	18	5	9	0	0.667841098	74.68	1	0	0	Q11	1
case371	ENSSSCG00000025698	57	75	140	52	26	1	6	4	1	0	0.199148428	113.9	1	0	6	Q11	1
case372	ENSSSCG00000025188	86	75	4053	35	243	5	3	211	6	0	0.06081669	3.96	5	29	7	Q11	1
case373	ENSSSCG00000023331	30	37	19	2	9	1	3	4	0	0	0.137358718	377.21	0	2	1	Q11	1
case374	ENSSSCG00000021122	62	49	2477	13	2	2	3	114	0	0	0.199148428	0.59	0	7	0	Q11	1
case375	ENSSSCG00000017694	66	67	8484	206	32	6	5	533	2	0	0.682512202	119.18	0	2	6	Q11	1
case376	ENSSSCG00000017500	101	79	8	36	56	6	5	1	2	0	0.667841098	2354.25	0	1	4	Q11	1
case377	ENSSSCG00000017313	66	79	2231	15	49	1	4	127	1	0	0.113515617	42.99	0	1	2	Q11	1
case378	ENSSSCG00000016974	46	32	2352	149	140	11	2	138	11	0	0.696945982	430.19	2	0	0	Q11	1
case379	ENSSSCG00000016972	94	92	44	6	30	7	6	3	0	0	0.696945982	86.56	2	0	2	Q11	1
case380	ENSSSCG00000016794	80	88	12154	258	74	2	6	705	1	1	0.277335058	75.59	0	0	0	Q11	1
case381	ENSSSCG00000014811	30	73	423	172	31	5	1	31	2	0	0.277335058	144.24	2	2	1	Q11	1
case382	ENSSSCG00000013618	26	18	38	20	46	3	0	4	5	0	0.199148428	0.46	0	0	0	Q11	1
case383	ENSSSCG00000013392	46	44	938	129	22	7	0	68	1	0	0.277335058	108.94	0	1	3	Q11	1
case384	ENSSSCG00000013072	79	82	1563	62	87	6	11	94	3	0	0.931103039	162.91	1	5	0	Q11	1
case385	ENSSSCG00000012593	20	43	3806	7	35	3	2	273	1	0	0.696945982	10.17	0	0	1	Q11	1
case386	ENSSSCG00000012583	25	62	1285	90	97	4	3	98	6	0	0.242052768	114.24	0	0	2	Q11	1
case387	ENSSSCG00000012257	44	25	1385	11	26	2	2	132	0	0	0.104114455	109.79	0	0	2	Q11	1
case388	ENSSSCG00000011911	38	79	1069	16	24	3	0	52	2	0	0.037448263	1.02	0	0	1	Q11	1
case389	ENSSSCG00000011579	25	43	2352	108	24	5	2	171	2	0	0.682512202	214.7	1	2	2	Q11	1
case390	ENSSSCG00000011568	60	52	126	4	33	0	1	7	0	0	0.199148428	0	0	0	1	Q11	1
case391	ENSSSCG00000010638	34	48	6107	67	22	4	3	464	6	0	0.277335058	33.26	0	2	0	Q11	1
case392	ENSSSCG00000010554	40	54	229	47	185	1	3	12	19	0	0.682512202	3645.97	0	2	0	Q11	1
case393	ENSSSCG00000009919	49	48	357	123	121	2	2	28	4	0	0.931103039	9.9	0	1	2	Q11	1
case394	ENSSSCG00000008603	85	77	1006	31	27	18	3	75	1	0	0.112791486	0.26	0	1	2	Q11	1
case395	ENSSSCG00000007522	69	87	249	33	25	4	6	13	0	0	0.199148428	342.05	2	1	4	Q11	1
case396	ENSSSCG00000007496	100	103	2383	47	216	2	6	169	8	0	0.241127357	25.03	1	0	2	Q11	1
case397	ENSSSCG00000007494	83	95	454	67	122	12	4	23	4	0	0.113515617	19.18	1	0	3	Q11	1
case398	ENSSSCG00000007491	100	102	0	19	9	6	3	0	0	0	0.037448263	0.03	1	0	0	Q11	1
case399	ENSSSCG00000006872	79	93	4292	87	68	12	9	225	4	0	0.764800782	289.63	0	1	4	Q11	1
case400	ENSSSCG00000006216	52	49	1083	18	34	0	4	34	0	0	0.11705168	30.67	5	1	0	Q11	1
case401	ENSSSCG00000006153	55	56	110	18	58	1	1	6	5	0	0.199148428	743.11	2	1	4	Q11	1
case402	ENSSSCG00000006141	38	26	679	25	36	4	3	47	2	0	0.667841098	1536.92	0	0	0	Q11	1
case403	ENSSSCG00000005589	53	44	6067	12	5	3	3	403	0	0	0.136523865	2.52	0	11	0	Q11	1
case404	ENSSSCG00000005494	85	99	3168	259	210	4	0	198	10	0	0.199148428	201.12	1	4	1	Q11	1
case405	ENSSSCG00000005215	49	53	3617	160	155	2	9	327	12	0	0.242052768	8.09	0	0	1	Q11	1
case406	ENSSSCG00000005087	25	20	46	11	21	1	2	2	2	0	0.764800782	55.34	0	1	1	Q11	1
case407	ENSSSCG00000004904	46	56	0	12	26	2	2	0	1	0	0.224051515	4.22	2	2	11	Q11	1
case408	ENSSSCG00000004318	44	42	1711	44	12	2	5	132	1	0	0.764800782	48.55	0	0	1	Q11	1
case409	ENSSSCG00000004172	72	45	2467	25	85	5	3	180	6	0	0.108645835	5.23	0	0	1	Q11	1
case410	ENSSSCG00000003867	37	89	1049	5	62	3	0	54	3	1	0.277335058	114.77	0	0	1	Q11	1
case411	ENSSSCG00000003565	40	31	40	5	58	2	1	2	2	0	0.931103039	15.24	0	0	1	Q11	1
case412	ENSSSCG00000003017	21	31	144	54	50	6	4	18	0	0	0.241127357	61.52	0	5	0	Q11	1
case413	ENSSSCG00000002368	72	68	4177	155	152	0	8	179	3	0	0.199148428	306.04	1	0	0	Q11	1
case414	ENSSSCG00000002361	46	77	178	28	38	5	3	14	3	0	0.155795023	0	1	0	0	Q11	1
case415	ENSSSCG00000001696	37	50	315	31	20	6	3	17	0	0	0.199148428	55.15	5	13	0	Q11	1
case416	ENSSSCG00000001539	34	62	1389	78	150	2	3	79	10	0	0.277335058	46.43	17	3	8	Q11	1
case417	ENSSSCG00000001478	59	77	4010	7	63	3	5	191	0	0	0.06081669	9.67	1	6	0	Q11	1
case418	ENSSSCG00000001404	51	56	30	28	62	2	1	2	2	0	0.199148428	0.64	3	14	2	Q11	1
case419	ENSSSCG00000000907	48	62	6520	86	110	6	0	352	8	0	0.242052768	36.67	1	6	2	Q11	1
case420	ENSSSCG00000000755	44	65	12196	43	8	4	1	907	1	0	0.136523865	38.72	1	1	0	Q11	1
case421	ENSSSCG00000000405	60	25	113	118	48	3	2	12	1	0	0.199148428	466.1	0	2	0	Q11	1
case422	ENSSSCG00000015564	37	39	2	0	7	2	4	0	0	0	0.011708301	0	0	0	0	Y	0
case423	ENSSSCG00000033539	56	40	335	36	40	10	2	26	3	1	0.312453153	3.17	0	0	0	Y	0
case424	ENSSSCG00000010256	48	89	6227	10	14	3	7	380	2	0	0.041518482	7.69	0	0	0	Y	0
case425	ENSSSCG00000035709	65	58	0	0	13	6	4	0	0	0	0.015442639	0	0	0	0	Y	0
case426	ENSSSCG00000030029	101	95	251	14	48	15	4	21	0	0	0.015442639	0	0	0	0	Y	0
case427	ENSSSCG00000013375	47	35	22	10	16	3	3	1	1	0	0.029899698	0	0	0	0	Y	0
case428	ENSSSCG00000014366	111	54	138	44	143	0	1	8	3	0	0.696945982	13.42	1	0	0	Y	0
case429	ENSSSCG00000039935	65	50	264	15	60	7	2	12	8	0	0.088807365	26.55	0	0	0	Y	0
case430	ENSSSCG00000038276	39	37	2188	0	43	1	0	141	1	0	0.020963881	0	0	0	0	Y	0
case431	ENSSSCG00000034658	37	71	17	1	4	4	2	0	0	0	0.015442639	0	0	0	0	Y	0
case442	ENSSSCG00000038966	81	52	664	70	108	5	7	45	7	0	0.312453153	81.18	0	0	0	Y	0
case443	ENSSSCG00000032738	35	46	5	4	7	7	2	0	1	0	0.018166314	0	0	0	0	Y	0
case444	ENSSSCG00000010260	44	37	404	23	54	4	3	35	5	0	0.088807365	119.96	0	0	0	Y	0
case445	ENSSSCG00000029186	34	89	829	85	11	5	2	32	2	0	0.696945982	234.38	0	0	0	Y	0
case446	ENSSSCG00000029799	53	89	433	17	107	4	4	24	4	0	0.088807365	12.63	0	0	0	Y	0
case447	ENSSSCG00000035329	24	35	0	1	1	0	2	0	0	0	0.011555695	0	0	0	0	Y	0
case448	ENSSSCG00000036127	67	76	0	1	5	2	3	0	0	0	0.055857788	8.77	0	0	0	Y	0
case449	ENSSSCG00000009445	49	101	28	40	20	4	7	2	3	1	0.696945982	22.75	0	0	0	Y	0
case450	ENSSSCG00000031991	64	93	335	5	15	3	3	14	0	0	0.025936296	56.94	0	0	0	Y	0
case451	ENSSSCG00000011916	41	48	1559	70	102	2	4	106	8	0	0.696945982	159.72	0	0	0	Y	0
case452	ENSSSCG00000036785	92	92	2531	19	56	11	6	216	4	0	0.021941076	35.4	0	0	0	Y	0
case453	ENSSSCG00000034428	113	105	0	14	25	5	5	0	2	1	0.011555695	0	0	0	0	Y	0
case466	ENSSSCG00000007675	27	38	1752	135	54	2	5	90	3	0	0.11151874	15.98	0	0	0	Y	0
case467	ENSSSCG00000027989	65	65	135	18	11	2	0	2	0	0	0.020199581	1.5	0	0	0	Y	0
case468	ENSSSCG00000031643	48	42	0	6	3	3	0	0	2	0	0.017300273	0	0	0	0	Y	0
case469	ENSSSCG00000011454	21	41	2254	19	39	2	2	157	1	0	0.091980702	17.35	0	0	0	Y	0
case470	ENSSSCG00000006460	73	66	176	9	16	5	5	5	0	0	0.124994749	1.62	0	2	0	Y	0
case471	ENSSSCG00000035041	126	88	0	20	20	4	7	0	0	0	0.136672409	0.61	0	0	0	Y	0
case472	ENSSSCG00000006084	56	65	1413	47	210	1	4	95	5	0	0.218178103	79.29	1	0	0	Y	0
case473	ENSSSCG00000029098	76	101	0	0	2	4	1	0	1	0	0.036882052	0	0	0	0	Y	0
case474	ENSSSCG00000038112	82	109	39	11	165	5	12	1	7	0	0.121567487	2.76	0	0	0	Y	0
case475	ENSSSCG00000021141	97	131	0	18	25	8	8	0	0	0	0.036882052	0	35	1	0	Y	0
case476	ENSSSCG00000024770	67	49	1840	81	117	11	5	100	4	0	0.121567487	48.08	0	1	0	Y	0
case477	ENSSSCG00000035207	35	39	164	14	20	2	2	7	2	0	0.129349507	0.1	0	0	0	Y	0
case478	ENSSSCG00000040850	39	47	69	14	74	1	3	5	5	0	0.170447367	1.34	0	0	0	Y	0
case479	ENSSSCG00000036482	83	134	550	25	222	2	8	41	5	0	0.218178103	15.12	1	0	0	Y	0
case480	ENSSSCG00000014108	41	84	897	23	56	0	6	42	4	0	0.168881583	0.11	13	0	0	Y	0
case481	ENSSSCG00000033574	88	118	13707	116	111	2	4	1014	6	1	0.053102586	1.17	0	0	0	Y	0
case482	ENSSSCG00000018924	69	60	0	0	3	1	4	0	0	0	0.036882052	0	0	0	0	Y	0
case483	ENSSSCG00000016958	49	41	1907	114	134	2	3	128	9	0	0.053102586	52.38	0	0	0	Y	0
case484	ENSSSCG00000036756	46	42	889	24	66	1	6	46	3	0	0.125307842	12.62	1	0	0	Y	0
case485	ENSSSCG00000013763	25	35	88	57	44	2	3	7	3	0	0.218178103	50.11	3	0	0	Y	0
case486	ENSSSCG00000035262	56	66	0	12	9	0	1	0	1	0	0.170447367	0	0	0	0	Y	0
case487	ENSSSCG00000032664	38	86	104	31	83	3	1	5	10	0	0.170447367	8.18	0	2	0	Y	0
case488	ENSSSCG00000030420	69	93	6378	176	18	2	5	491	1	0	0.218178103	67.02	1	0	0	Y	0
case489	ENSSSCG00000030256	69	59	25	12	33	4	2	0	3	0	0.170447367	0.81	0	0	0	Y	0
case490	ENSSSCG00000036101	113	159	222	0	27	4	5	14	2	0	0.036882052	0	2	0	0	Y	0
case491	ENSSSCG00000040071	105	95	1425	2	5	4	1	70	0	0	0.405685735	7.74	0	1	0	Y	0
case492	ENSSSCG00000010293	62	39	802	17	47	4	4	46	2	0	0.168881583	0	0	0	0	Y	0
case493	ENSSSCG00000010492	66	67	56	3	10	5	10	5	0	0	0.036882052	0	22	0	0	Y	0
case494	ENSSSCG00000005201	35	34	1222	47	54	5	5	132	6	0	0.131299104	69.79	0	0	0	Y	0
case495	ENSSSCG00000009319	56	42	4666	52	14	4	5	281	0	0	0.131299104	68.45	0	0	0	Y	0
case496	ENSSSCG00000033729	71	66	30	7	13	2	10	1	1	0	0.036882052	0	0	0	0	Y	0
case498	ENSSSCG00000039743	60	40	13	13	23	1	2	0	3	0	0.015531082	0	0	0	0	Y	0
case499	ENSSSCG00000002404	28	88	3335	47	195	4	13	216	12	0	0.538342052	61.09	0	0	0	Y	0
case500	ENSSSCG00000003684	46	29	3497	54	56	2	5	173	2	0	0.218178103	5.31	0	0	0	Y	0
case502	ENSSSCG00000011890	47	37	929	9	18	2	2	43	4	1	0.547226335	100.04	0	0	0	Y	0
case503	ENSSSCG00000036976	30	43	308	8	6	0	3	27	1	0	0.240417016	1.59	0	0	0	Y	0
case504	ENSSSCG00000022747	40	48	0	0	0	3	2	0	0	0	0.025326485	0	0	0	0	Y	0
case505	ENSSSCG00000036771	119	94	0	0	8	11	5	0	0	0	0.405685735	0	0	0	0	Y	0
case507	ENSSSCG00000018158	54	78	0	0	2	10	14	0	0	0	0.051408666	32.73	0	0	0	Y	0
case508	ENSSSCG00000006685	54	79	70	34	35	3	4	6	1	0	0.091980702	9.11	1	0	0	Y	0
case509	ENSSSCG00000010351	53	56	2532	42	115	0	3	185	8	0	0.170447367	17.2	0	0	0	Y	0
case510	ENSSSCG00000037122	94	126	0	13	23	4	13	0	0	0	0.124994749	0	0	0	0	Y	0
case511	ENSSSCG00000022208	42	51	902	28	76	2	1	45	2	0	0.701202268	339.58	1	0	0	Y	0
case512	ENSSSCG00000033273	82	85	0	1	2	8	10	0	0	0	0.129349507	0.03	30	0	0	Y	0
case513	ENSSSCG00000031158	38	65	0	15	8	5	1	0	0	0	0.124994749	0	3	0	0	Y	0
case514	ENSSSCG00000008378	55	70	732	14	39	2	3	40	1	0	0.091980702	3.69	13	0	0	Y	0
case515	ENSSSCG00000010099	21	41	59	30	14	0	0	2	0	0	0.091980702	8.11	0	0	0	Y	0
case516	ENSSSCG00000032911	53	32	175	36	9	0	3	8	2	0	0.427059759	48.56	0	7	0	Y	0
case517	ENSSSCG00000035944	80	77	109	0	60	6	1	13	4	0	0.027015306	0.67	1	0	0	Y	0
case518	ENSSSCG00000024722	87	71	9811	33	22	4	4	952	0	0	0.025473949	23.17	0	0	0	Y	0
case520	ENSSSCG00000020909	49	46	101	28	13	2	7	14	1	0	0.035286338	1.67	0	1	0	Y	0
case521	ENSSSCG00000005618	93	77	150	15	19	5	3	5	0	1	0.046705884	3.99	0	0	0	Y	0
case522	ENSSSCG00000002261	72	70	5	16	20	5	7	0	2	1	0.009789456	1.65	0	0	0	Y	0
case523	ENSSSCG00000019301	63	61	0	0	2	5	3	0	0	0	0.025473949	0.1	0	0	0	Y	0
case524	ENSSSCG00000023133	54	47	6810	26	14	1	14	560	0	0	0.035286338	28.03	0	0	0	Y	0
case525	ENSSSCG00000002290	47	34	788	17	38	3	7	145	6	0	0.069611073	5.04	0	0	0	Y	0
case526	ENSSSCG00000034164	131	119	968	10	211	6	7	58	12	0	0.010016252	0.38	1	0	0	Y	0
case527	ENSSSCG00000020866	28	21	0	0	1	0	0	0	0	0	0.009207934	0.39	0	1	0	Y	0
case528	ENSSSCG00000039992	56	26	0	23	31	3	0	0	0	0	0.011438942	0	0	0	0	Y	0
case529	ENSSSCG00000024279	50	20	382	11	12	4	3	34	1	0	0.022280479	43.7	0	0	0	Y	0
case530	ENSSSCG00000034117	120	117	0	0	8	6	9	0	0	0	0.01399082	0	1	0	0	Y	0
case531	ENSSSCG00000021227	44	48	1314	23	26	3	0	97	0	0	0.048575614	10.96	0	0	0	Y	0
case532	ENSSSCG00000018699	42	44	0	0	1	5	1	0	0	0	0.082461028	94.38	4	0	0	Y	0
case533	ENSSSCG00000040068	34	47	0	0	2	6	2	0	0	0	0.027015306	0.58	2	1	0	Y	0
case534	ENSSSCG00000018555	93	62	0	0	1	14	6	0	0	0	0.011438942	0.37	0	0	0	Y	0
case535	ENSSSCG00000039286	98	79	2275	0	96	4	11	106	6	0	0.005577533	0.25	0	0	0	Y	0
case536	ENSSSCG00000015234	67	50	6438	40	89	3	3	368	5	0	0.427059759	35.9	1	0	0	Y	0
case537	ENSSSCG00000017401	55	60	1587	72	61	5	3	81	3	0	0.427059759	194.59	0	0	0	Y	0
case538	ENSSSCG00000038642	210	276	0	50	67	7	4	0	1	0	0.006774338	0.81	0	0	0	Y	0
case539	ENSSSCG00000030118	36	55	128	19	10	3	1	5	1	0	0.022280479	51.49	0	0	0	Y	0
case540	ENSSSCG00000011666	61	72	4735	40	13	6	4	242	0	1	0.224051515	35.02	0	0	0	Y	0
case541	ENSSSCG00000009293	96	121	14907	63	50	3	8	659	2	1	0.029195172	19.28	0	0	0	Y	0
case542	ENSSSCG00000039857	51	61	111	2	9	3	10	2	0	0	0.036031799	0.22	0	0	0	Y	0
case543	ENSSSCG00000007476	86	94	925	68	258	5	5	34	12	0	0.427059759	21.69	0	0	0	Y	0
case544	ENSSSCG00000000753	30	54	2979	193	112	2	7	253	7	0	0.035286338	79.38	2	1	0	Y	0
case545	ENSSSCG00000000968	36	43	342	176	87	0	1	16	6	0	0.137653158	78.73	0	0	0	Y	0
case546	ENSSSCG00000035519	62	99	0	0	21	4	6	0	0	0	0.036031799	0	0	0	0	Y	0
case547	ENSSSCG00000039941	89	91	0	0	3	2	5	0	0	0	0.020288533	0.18	0	1	0	Y	0
case548	ENSSSCG00000027738	53	103	3164	58	157	2	3	245	11	1	0.029773522	25	0	0	0	Y	0
case549	ENSSSCG00000038031	51	31	1001	57	7	4	4	130	0	0	0.137653158	55.77	1	0	0	Y	0
case550	ENSSSCG00000022173	51	51	840	163	93	3	4	95	22	0	0.035286338	31.2	0	0	0	Y	0
case551	ENSSSCG00000024648	66	66	626	58	188	2	3	29	14	0	0.069611073	23.05	0	0	0	Y	0
case552	ENSSSCG00000036583	22	24	0	0	1	1	2	0	0	0	0.016234925	0	0	0	0	Y	0
case553	ENSSSCG00000003826	59	47	2578	24	10	1	7	651	7	1	0.010016252	6.93	0	2	0	Y	0
case554	ENSSSCG00000032600	82	76	1264	11	163	5	2	54	12	0	0.022098621	7.69	0	0	0	Y	0
case555	ENSSSCG00000015223	36	29	197	4	59	1	1	8	3	0	0.010016252	6.08	0	0	0	Y	0
case556	ENSSSCG00000004675	67	34	995	57	30	2	3	38	2	0	0.117014672	3.52	0	1	0	Y	0
case557	ENSSSCG00000026720	42	47	0	0	1	3	4	0	1	0	0.036031799	0	0	0	0	Y	0
case561	ENSSSCG00000010621	57	35	3618	100	137	7	2	236	9	0	0.030426313	139.2	0	0	0	Y	0
case562	ENSSSCG00000004603	30	43	2655	47	63	1	4	171	6	0	0.035286338	19.59	0	2	0	Y	0
case563	ENSSSCG00000017216	41	63	105	17	12	4	1	3	0	0	0.010016252	0.49	0	0	0	Y	0
case564	ENSSSCG00000037076	0	2	0	0	0	0	0	0	0	0	0.117014672	0.33	0	0	0	Y	0
case565	ENSSSCG00000035110	56	60	0	0	8	1	2	0	0	0	0.029195172	0.41	0	0	0	Y	0
case566	ENSSSCG00000025345	59	84	410	47	20	13	4	47	0	0	0.009442633	0.69	0	0	0	Y	0
case567	ENSSSCG00000006661	45	40	1492	64	40	5	1	117	0	0	0.032314731	17.8	1	2	0	Y	0
case568	ENSSSCG00000040414	32	20	91	9	23	3	13	10	0	0	0.016361723	0.03	0	0	0	Y	0
case569	ENSSSCG00000010313	54	36	2580	136	102	4	0	166	7	0	0.11253629	91.68	0	0	0	Y	0
case570	ENSSSCG00000000091	65	102	513	13	232	2	4	31	4	0	0.075103271	11.85	0	0	0	Y	0
case571	ENSSSCG00000021238	37	50	448	7	95	2	0	30	0	0	0.042472743	4.11	1	3	0	Y	0
case572	ENSSSCG00000008070	27	16	605	0	11	3	0	60	0	0	0.036798356	2.19	0	0	0	Y	0
case573	ENSSSCG00000013100	85	72	333	7	26	15	7	39	1	1	0.021879706	55.07	0	2	0	Y	0
case574	ENSSSCG00000003546	59	56	0	2	8	3	4	0	1	0	0.040211841	42.47	0	0	0	Y	0
case575	ENSSSCG00000040813	98	98	0	0	6	3	7	0	0	0	0.044815638	0.38	0	1	0	Y	0
case576	ENSSSCG00000024916	36	43	1098	80	123	2	5	128	12	1	0.032314731	15.16	0	0	0	Y	0
case577	ENSSSCG00000036084	40	38	0	0	0	2	0	0	0	0	0.013043583	0	0	2	0	Y	0
case578	ENSSSCG00000024204	28	43	3714	31	42	2	1	248	0	0	0.042472743	0.03	0	0	0	Y	0
case579	ENSSSCG00000038619	52	79	620	3	125	2	2	30	17	0	0.04248883	10.62	0	0	0	Y	0
case580	ENSSSCG00000034552	65	5	0	0	0	6	2	0	0	0	0.016361723	0	0	0	0	Y	0
case581	ENSSSCG00000020461	34	33	0	0	2	1	2	0	0	0	0.012661653	0	0	0	0	Y	0
case582	ENSSSCG00000017996	130	104	1063	50	82	11	18	88	7	0	0.073558183	0.68	0	1	0	Y	0
case583	ENSSSCG00000017584	34	101	536	86	13	6	9	43	0	0	0.042472743	78.77	0	1	0	Y	0
case584	ENSSSCG00000019519	54	50	0	0	3	4	2	0	0	0	0.012661653	0	0	0	0	Y	0
case585	ENSSSCG00000030735	46	30	16	3	5	1	0	2	0	0	0.040252961	0.07	0	0	0	Y	0
case586	ENSSSCG00000005472	72	92	360	34	182	1	3	12	18	0	0.040252961	1.6	0	0	0	Y	0
case587	ENSSSCG00000033118	45	41	259	1	3	5	1	16	0	0	0.012661653	0	0	2	0	Y	0
case588	ENSSSCG00000027530	36	57	521	18	14	3	2	30	1	0	0.04248883	25.95	0	0	0	Y	0
case589	ENSSSCG00000033012	32	39	0	1	1	3	1	0	0	0	0.044815638	2.16	6	1	0	Y	0
case590	ENSSSCG00000010401	49	59	1820	97	76	6	10	221	1	1	0.032314731	41.35	0	1	0	Y	0
case591	ENSSSCG00000040183	15	37	4622	26	55	1	5	273	3	0	0.013043583	6.32	0	1	0	Y	0
case592	ENSSSCG00000034462	20	64	0	4	8	3	2	0	0	0	0.032314731	1.39	0	0	0	Y	0
case593	ENSSSCG00000021628	44	58	168	16	43	4	8	13	3	0	0.029404601	30.03	0	7	0	Y	0
case594	ENSSSCG00000011002	50	47	1	3	35	2	3	2	1	0	0.013043583	0.51	0	0	0	Y	0
case595	ENSSSCG00000032575	55	43	300	13	48	3	3	22	2	0	0.032314731	5.79	0	0	0	Y	0
case599	ENSSSCG00000017445	91	131	112	45	21	3	1	4	1	0	0.11253629	0	0	2	0	Y	0
case600	ENSSSCG00000000812	77	82	5	5	33	6	6	0	0	1	0.11253629	0.8	0	0	0	Y	0
case601	ENSSSCG00000027777	37	63	3617	9	102	3	5	299	5	0	0.028549298	18.5	0	1	0	Y	0
case602	ENSSSCG00000008111	52	55	1569	23	23	4	4	89	0	0	0.036798356	9.29	12	0	0	Y	0
case603	ENSSSCG00000033784	126	96	0	22	51	15	2	0	1	0	0.012661653	0	0	1	0	Y	0
case604	ENSSSCG00000038550	75	77	1024	12	97	5	7	50	10	1	0.042472743	78.64	0	2	0	Y	0
case605	ENSSSCG00000014335	77	60	1232	174	68	7	1	92	1	0	0.036798356	17.85	2	0	0	Y	0
case606	ENSSSCG00000031947	85	87	0	0	8	2	5	0	0	0	0.044815638	0	0	1	0	Y	0
case607	ENSSSCG00000038378	57	9	376	3	8	4	0	25	0	0	0.012661653	0	0	2	0	Y	0
case608	ENSSSCG00000033692	60	58	2052	52	98	3	2	121	4	0	0.028549298	16.54	0	1	0	Y	0
case609	ENSSSCG00000019107	92	98	0	0	21	5	6	0	1	0	0.008032349	0	0	1	0	Y	0
case610	ENSSSCG00000035616	77	68	1	5	13	4	4	1	0	0	0.016361723	0	0	0	0	Y	0
case611	ENSSSCG00000000980	55	78	296	30	118	0	3	15	5	0	0.069200119	13.09	0	0	0	Y	0
case612	ENSSSCG00000014311	82	124	2025	14	30	4	6	97	1	0	0.004316705	0.14	0	0	0	Y	0
case613	ENSSSCG00000015053	26	55	852	10	64	1	2	50	1	0	0.036798356	0.35	1	0	0	Y	0
case614	ENSSSCG00000019990	62	88	0	0	0	5	3	0	0	0	0.016361723	1.77	7	29	0	Y	0
case615	ENSSSCG00000002554	61	44	139	18	16	4	2	3	0	0	0.011659617	20.63	0	0	0	Y	0
case616	ENSSSCG00000013754	21	33	5317	44	16	4	4	349	6	0	0.042472743	2.32	1	0	0	Y	0
case617	ENSSSCG00000019272	115	83	0	0	10	8	5	0	0	0	0.013043583	0	0	0	0	Y	0
case618	ENSSSCG00000031776	34	60	7280	109	46	3	8	458	0	1	0.042472743	9.02	1	1	0	Y	0
case619	ENSSSCG00000035283	46	55	3	17	28	1	1	1	1	0	0.040211841	4.48	0	0	0	Y	0
case620	ENSSSCG00000032702	67	83	1758	42	124	5	3	139	5	0	0.034428683	0.96	0	0	0	Y	0
case621	ENSSSCG00000009330	85	74	824	14	25	2	3	34	1	0	0.016361723	68.33	0	3	0	Y	0
case622	ENSSSCG00000008710	88	84	7453	37	115	4	0	500	7	0	0.042472743	0.37	0	1	0	Y	0
case623	ENSSSCG00000009266	49	43	167	5	15	2	7	39	2	0	0.013043583	0	0	2	0	Y	0
case627	ENSSSCG00000025655	64	60	1464	51	105	3	1	69	1	1	0.036798356	0.08	0	1	0	Y	0
case628	ENSSSCG00000014459	165	194	0	57	63	17	11	0	1	1	0.016361723	0.11	0	0	0	Y	0
case629	ENSSSCG00000013088	80	84	0	11	4	6	3	0	2	0	0.014622318	4.25	2	2	0	Y	0
case630	ENSSSCG00000003640	48	57	8986	43	7	4	7	427	0	0	0.042472743	2.82	0	1	0	Y	0
case631	ENSSSCG00000034564	139	104	0	0	74	14	4	1	1	0	0.013043583	0.04	0	0	0	Y	0
case638	ENSSSCG00000024569	39	30	606	22	31	5	1	25	0	0	0.059666634	0.49	2	16	0	Y	0
case639	ENSSSCG00000037765	15	10	0	2	2	0	0	0	0	0	0.016361723	0	0	0	0	Y	0
case640	ENSSSCG00000011493	38	58	2142	44	14	4	4	118	2	0	0.028549298	11	0	0	0	Y	0
case641	ENSSSCG00000034417	29	18	0	0	1	4	4	0	0	0	0.037059762	0	0	1	0	Y	0
case642	ENSSSCG00000033314	31	17	39	6	46	1	1	4	5	1	0.013043583	0.02	0	0	0	Y	0
case643	ENSSSCG00000031830	99	56	1666	38	16	5	3	106	0	0	0.11253629	361.84	0	0	0	Y	0
case644	ENSSSCG00000024157	27	53	985	13	5	2	1	69	0	0	0.013043583	7.8	1	0	0	Y	0
case649	ENSSSCG00000010649	99	105	1804	67	65	13	5	76	0	0	0.036798356	0.04	0	0	0	Y	0
case650	ENSSSCG00000035628	79	90	108	10	86	4	5	1	7	0	0.046044683	17.31	0	0	0	Y	0
case651	ENSSSCG00000020047	45	88	0	0	17	2	4	0	0	0	0.005898932	0	1	0	0	Y	0
case652	ENSSSCG00000007410	89	127	384	6	59	3	4	12	2	0	0.069200119	1.03	0	1	0	Y	0
case653	ENSSSCG00000031659	69	57	669	70	134	5	2	50	8	0	0.032314731	30.02	0	1	0	Y	0
case654	ENSSSCG00000020372	72	73	0	0	4	3	5	0	0	0	0.033172273	3.2	1	0	0	Y	0
case655	ENSSSCG00000006809	54	82	842	49	85	5	9	53	5	0	0.013043583	5.42	0	1	0	Y	0
case656	ENSSSCG00000038479	78	100	0	0	1	4	4	0	0	0	0.069200119	2.85	0	0	0	Y	0
case657	ENSSSCG00000002778	30	26	290	10	19	1	8	22	0	0	0.014622318	6.72	0	1	0	Y	0
case658	ENSSSCG00000018047	65	121	1164	68	288	6	3	31	26	0	0.059666634	0.45	0	0	0	Y	0
case659	ENSSSCG00000040825	30	68	374	30	84	2	3	35	9	0	0.032314731	24.87	0	2	0	Y	0
case666	ENSSSCG00000009278	31	31	961	4	22	3	2	38	2	0	0.028549298	3.37	0	0	0	Y	0
case667	ENSSSCG00000022042	39	54	104	11	25	2	2	3	0	0	0.055743581	0	0	2	0	Y	0
case668	ENSSSCG00000039516	42	51	232	28	160	3	6	7	4	0	0.040252961	16.71	0	0	0	Y	0
case669	ENSSSCG00000008018	19	32	534	163	67	0	2	31	5	1	0.042472743	11.45	0	0	0	Y	0
case673	ENSSSCG00000033278	53	55	448	21	76	3	8	55	17	0	0.040252961	16.17	0	0	0	Y	0
case674	ENSSSCG00000032448	59	47	33	0	4	6	2	5	0	0	0.11253629	0.73	0	7	0	Y	0
case675	ENSSSCG00000028464	89	98	729	7	154	8	5	35	13	0	0.013043583	13.2	0	1	0	Y	0
case676	ENSSSCG00000003993	73	45	602	1	1	4	0	28	0	0	0.012661653	0	0	1	0	Y	0
case677	ENSSSCG00000018719	19	19	0	0	0	2	2	0	0	0	0.016361723	0.07	0	0	0	Y	0
case678	ENSSSCG00000023971	25	48	133	4	21	2	11	14	4	0	0.04248883	715.22	0	0	0	Y	0
case682	ENSSSCG00000014967	55	100	461	19	73	2	6	31	9	0	0.04248883	13.6	0	0	0	Y	0
case683	ENSSSCG00000040683	57	63	7	6	11	5	2	0	0	1	0.044815638	0.35	0	0	0	Y	0
case690	ENSSSCG00000012366	19	31	205	63	85	3	1	15	1	1	0.032314731	17.24	1	3	0	Y	0
case691	ENSSSCG00000038538	26	13	0	2	2	0	2	0	0	0	0.016361723	0	0	0	0	Y	0
case692	ENSSSCG00000040615	64	104	27248	90	124	5	12	2032	4	0	0.036579826	0.14	0	1	0	Y	0
case693	ENSSSCG00000008807	65	39	521	27	61	2	5	47	4	1	0.013043583	6.24	0	0	0	Y	0
case694	ENSSSCG00000006812	42	48	192	10	3	8	3	5	0	0	0.11253629	3.46	0	1	0	Y	0
case695	ENSSSCG00000024145	38	54	1127	16	120	0	9	89	6	1	0.032314731	2.53	1	0	0	Y	0
case696	ENSSSCG00000023743	13	29	0	4	5	0	1	0	0	0	0.11253629	0.14	0	1	0	Y	0
case697	ENSSSCG00000034244	90	72	0	0	6	2	3	0	0	0	0.008032349	0	0	0	0	Y	0
case698	ENSSSCG00000040160	42	54	1259	17	78	2	4	57	1	0	0.042472743	5.14	0	0	0	Y	0
case699	ENSSSCG00000031196	39	67	23	4	2	0	4	2	1	0	0.036798356	0	0	0	0	Y	0
case706	ENSSSCG00000031585	151	152	68	38	115	7	13	4	2	0	0.012661653	0	0	0	0	Y	0
case710	ENSSSCG00000040172	53	88	37269	56	75	1	5	2181	3	3	0.06081669	4.76	1	1	0	Y	0
case711	ENSSSCG00000008574	115	58	1639	90	18	4	3	79	1	0	0.696945982	94.07	0	0	0	Y	0
case712	ENSSSCG00000033251	83	73	548	10	160	6	4	26	7	0	0.241127357	0.17	12	2	0	Y	0
case713	ENSSSCG00000019225	61	52	0	0	0	2	0	0	0	0	0.037448263	1.11	0	0	0	Y	0
case714	ENSSSCG00000013122	128	113	0	18	21	6	0	0	0	0	0.037448263	0	0	2	0	Y	0
case715	ENSSSCG00000017450	104	81	0	6	3	7	8	0	0	0	0.076510521	4.46	0	1	0	Y	0
case716	ENSSSCG00000038554	76	68	343	43	173	1	4	22	16	0	0.277335058	43.14	0	0	0	Y	0
case717	ENSSSCG00000027240	110	133	12	13	43	3	7	0	0	0	0.027505696	0	0	0	0	Y	0
case721	ENSSSCG00000004813	39	40	2275	15	10	1	6	157	0	0	0.667841098	49.23	0	1	0	Y	0
case722	ENSSSCG00000038332	46	47	426	1	0	5	5	30	1	0	0.080490067	0	0	0	0	Y	0
case723	ENSSSCG00000017682	68	75	1562	86	174	4	7	79	4	0	0.113515617	8.8	0	0	0	Y	0
case724	ENSSSCG00000014756	111	140	0	15	30	8	6	0	0	0	0.027505696	0	0	2	0	Y	0
case733	ENSSSCG00000037182	55	67	158	14	31	6	7	15	3	0	0.696945982	8.96	0	1	0	Y	0
case734	ENSSSCG00000031529	23	42	0	7	12	3	0	0	0	0	0.037448263	0.24	0	2	0	Y	0
case735	ENSSSCG00000009414	45	91	3525	144	131	8	12	307	7	5	0.136523865	44.06	1	0	0	Y	0
case736	ENSSSCG00000013622	25	17	350	35	38	2	3	17	2	0	0.931103039	69.59	0	0	0	Y	0
case737	ENSSSCG00000033240	46	32	27	3	4	0	0	2	0	0	0.080490067	0.06	0	0	0	Y	0
case738	ENSSSCG00000021899	100	72	1995	29	42	0	3	101	0	0	0.199148428	33.66	1	0	0	Y	0
case739	ENSSSCG00000033052	48	62	0	0	1	7	7	0	0	0	0.248933289	2.19	0	1	0	Y	0
case743	ENSSSCG00000033540	50	46	27	6	9	3	4	1	1	0	0.06081669	0	0	0	0	Y	0
case744	ENSSSCG00000024668	31	21	50	4	6	4	2	2	2	0	0.199148428	1.9	0	0	0	Y	0
case745	ENSSSCG00000036520	34	33	7434	4	66	6	4	716	3	0	0.06081669	24.2	0	0	0	Y	0
case746	ENSSSCG00000035387	28	29	164	6	10	2	0	12	0	0	0.155795023	4.63	0	5	0	Y	0
case747	ENSSSCG00000024027	51	46	549	22	132	0	3	29	7	0	0.696945982	171.08	0	1	0	Y	0
case757	ENSSSCG00000028403	108	106	0	0	6	3	3	0	0	0	0.056759323	0.29	0	0	0	Y	0
case758	ENSSSCG00000037835	50	46	145	6	59	5	1	7	4	0	0.667841098	6.3	0	0	0	Y	0
case759	ENSSSCG00000031145	42	43	2436	2	6	4	8	269	0	0	0.143375197	0	0	1	0	Y	0
case760	ENSSSCG00000011277	85	99	144	4	16	0	7	4	1	0	0.120510699	0.13	0	1	0	Y	0
case761	ENSSSCG00000039835	0	30	33	12	14	0	5	3	1	1	0.086066306	0	0	0	0	Y	0
case765	ENSSSCG00000014766	152	100	0	0	24	12	14	0	2	0	0.218297241	2.72	0	0	0	Y	0
case766	ENSSSCG00000013273	58	58	600	24	47	8	4	30	1	0	0.120510699	3.88	1	0	0	Y	0
case767	ENSSSCG00000036249	0	7	0	0	0	0	0	0	0	0	0.218297241	0.26	0	2	0	Y	0
case768	ENSSSCG00000031704	111	65	130	0	64	9	7	8	3	0	0.027505696	0	0	0	0	Y	0
case769	ENSSSCG00000024096	29	18	776	45	49	7	3	86	4	1	0.277335058	9.28	0	1	0	Y	0
case770	ENSSSCG00000035952	76	121	149	22	21	5	6	11	3	0	0.277335058	61.33	0	3	0	Y	0
case778	ENSSSCG00000023584	50	106	520	16	81	2	7	24	6	0	0.218297241	6.47	0	0	0	Y	0
case779	ENSSSCG00000018049	70	125	2734	48	46	5	4	155	2	0	0.153968325	51.26	0	0	0	Y	0
case780	ENSSSCG00000008239	70	66	501	49	29	2	6	23	1	0	0.241127357	111.49	0	0	0	Y	0
case781	ENSSSCG00000009234	93	86	692	26	129	6	5	55	8	0	0.06081669	8.99	5	0	0	Y	0
case782	ENSSSCG00000035797	0	0	4	0	43	1	0	0	1	0	0.06081669	0	0	0	0	Y	0
case783	ENSSSCG00000039971	93	94	0	0	8	4	2	0	0	0	0.027505696	0	0	0	0	Y	0
case784	ENSSSCG00000023460	54	53	311	4	73	2	7	12	6	0	0.120510699	0.5	0	2	0	Y	0
case785	ENSSSCG00000033714	66	78	0	0	6	2	4	0	0	0	0.027505696	0	0	0	0	Y	0
case786	ENSSSCG00000040759	20	0	0	0	0	1	0	0	0	0	0.027505696	0	0	0	0	Y	0
case787	ENSSSCG00000031416	89	83	0	42	41	11	7	0	4	0	0.06081669	0	0	0	0	Y	0
case788	ENSSSCG00000020180	72	77	0	0	3	10	9	0	0	0	0.024315583	0	0	1	0	Y	0
case789	ENSSSCG00000007815	111	111	3251	186	263	11	5	143	3	0	0.277335058	22.59	0	0	0	Y	0
case790	ENSSSCG00000006014	81	89	3024	112	39	4	8	185	3	0	0.277335058	82.7	0	0	0	Y	0
case791	ENSSSCG00000030432	46	58	24	9	24	1	7	2	0	0	0.086066306	4.77	0	1	0	Y	0
case792	ENSSSCG00000020611	31	31	0	0	1	5	0	0	0	0	0.048785257	0	1	1	0	Y	0
case798	ENSSSCG00000006997	84	110	636	14	21	9	4	49	0	1	0.113515617	0	0	1	0	Y	0
case805	ENSSSCG00000007232	60	65	283	8	68	4	0	10	4	0	0.086066306	2.19	0	0	0	Y	0
case806	ENSSSCG00000031880	22	6	0	5	7	1	0	0	0	0	0.037448263	0	0	0	0	Y	0
case811	ENSSSCG00000021598	101	127	5992	31	106	10	5	366	5	0	0.258086995	7.41	0	0	0	Y	0
case812	ENSSSCG00000028287	40	29	38	11	98	1	5	6	14	0	0.218297241	28.13	0	0	0	Y	0
case813	ENSSSCG00000004966	41	89	831	20	44	3	2	35	0	0	0.06081669	1.56	1	2	0	Y	0
case814	ENSSSCG00000035397	64	71	2	14	20	9	6	2	0	0	0.04255653	0	0	0	0	Y	0
case815	ENSSSCG00000032983	23	28	0	6	4	3	0	0	0	0	0.120510699	0.08	0	0	0	Y	0
case816	ENSSSCG00000040809	38	53	1	1	13	3	2	0	1	0	0.04255653	0	0	0	0	Y	0
case817	ENSSSCG00000024162	53	75	626	30	7	3	2	48	2	0	0.085283635	39.45	0	2	0	Y	0
case818	ENSSSCG00000019480	86	70	0	0	5	3	7	0	0	0	0.06081669	0	0	2	0	Y	0
case819	ENSSSCG00000034739	75	69	2818	19	178	7	9	177	26	0	0.120510699	2.08	0	0	0	Y	0
case820	ENSSSCG00000013867	35	48	732	141	109	5	6	29	7	1	0.120510699	22.08	0	1	0	Y	0
case827	ENSSSCG00000033921	113	105	0	40	37	5	2	0	1	0	0.037448263	0	0	1	0	Y	0
case828	ENSSSCG00000016850	43	43	2036	22	107	8	6	170	14	0	0.048785257	44.43	0	0	0	Y	0
case829	ENSSSCG00000019490	54	72	0	0	7	2	4	0	1	0	0.024204506	0	0	0	0	Y	0
case830	ENSSSCG00000009786	51	55	515	64	106	4	0	34	4	0	0.241127357	25.76	0	1	0	Y	0
case831	ENSSSCG00000033978	92	0	0	0	0	1	0	0	0	0	0.277335058	145.77	0	0	0	Y	0
case832	ENSSSCG00000011318	33	51	64	7	27	0	0	1	0	0	0.123444246	0.93	0	1	0	Y	0
case833	ENSSSCG00000034377	19	0	0	0	0	1	0	0	0	0	0.027505696	0	0	0	0	Y	0
case834	ENSSSCG00000038051	62	100	0	0	2	6	9	0	0	0	0.242052768	42.79	0	1	0	Y	0
case835	ENSSSCG00000009498	4	0	5015	77	164	0	0	302	8	1	0.104114455	0.02	0	0	0	Y	0
case836	ENSSSCG00000010609	60	73	1435	12	10	2	7	92	0	0	0.086066306	0.41	0	0	0	Y	0
case837	ENSSSCG00000040022	19	19	15	1	12	8	2	3	2	0	0.104114455	0.99	0	5	0	Y	0
case838	ENSSSCG00000000071	85	96	1084	36	93	4	2	73	3	0	0.277335058	365.72	2	0	0	Y	0
case839	ENSSSCG00000004713	46	64	543	28	20	1	4	19	0	0	0.141754596	0.7	0	1	0	Y	0
case847	ENSSSCG00000034933	104	106	2	6	21	3	8	0	0	0	0.199148428	0	0	0	0	Y	0
case848	ENSSSCG00000039633	0	0	0	0	0	0	0	0	0	0	0.199148428	0.54	0	0	0	Y	0
case854	ENSSSCG00000021200	32	23	2884	38	53	1	0	239	0	0	0.277335058	8.47	0	0	0	Y	0
case855	ENSSSCG00000030849	22	44	36	0	6	4	1	7	0	0	0.242052768	2153.6	0	0	0	Y	0
case861	ENSSSCG00000034931	357	153	0	30	35	12	6	0	1	1	0.027505696	0	0	3	0	Y	0
case862	ENSSSCG00000016417	59	62	3355	54	13	7	5	237	1	1	0.113515617	14.58	0	0	0	Y	0
case863	ENSSSCG00000013132	154	56	0	0	2	14	8	0	0	0	0.037448263	0	0	0	0	Y	0
case864	ENSSSCG00000020020	78	62	0	0	2	5	1	0	0	0	0.026130304	0	0	0	0	Y	0
case865	ENSSSCG00000038170	60	31	1	4	4	3	0	0	1	0	0.037448263	0	0	0	0	Y	0
case866	ENSSSCG00000040719	64	67	1093	1	132	2	9	52	7	0	0.218297241	13.02	5	1	0	Y	0
case867	ENSSSCG00000021878	75	84	0	0	1	2	3	0	0	0	0.19192986	0	0	0	0	Y	0
case868	ENSSSCG00000025602	59	64	19424	96	92	4	5	1199	2	0	0.06081669	6.16	0	1	0	Y	0
case869	ENSSSCG00000032874	82	62	1	4	13	7	10	0	1	0	0.027505696	0	3	1	0	Y	0
case870	ENSSSCG00000039316	142	101	817	6	24	8	6	32	0	0	0.086066306	0.15	0	0	0	Y	0
case871	ENSSSCG00000017937	27	49	27	56	32	3	2	5	2	0	0.277335058	35.97	3	0	0	Y	0
case872	ENSSSCG00000033758	9	2	0	0	0	0	0	0	0	0	0.199148428	0	0	0	0	Y	0
case873	ENSSSCG00000014759	97	137	0	22	22	10	5	0	0	0	0.037448263	0	0	2	0	Y	0
case874	ENSSSCG00000014275	55	55	1276	21	16	2	4	72	0	0	0.242052768	0.98	0	0	0	Y	0
case875	ENSSSCG00000021944	97	98	871	42	134	0	5	36	9	0	0.241127357	12.8	0	0	0	Y	0
case881	ENSSSCG00000040799	48	54	117	4	10	1	6	6	2	0	0.063011776	3.94	0	0	0	Y	0
case882	ENSSSCG00000019908	40	78	0	0	2	2	6	0	0	0	0.027505696	0	0	1	0	Y	0
case883	ENSSSCG00000039303	35	39	84	1	0	2	3	5	0	0	0.120510699	0.67	0	1	0	Y	0
case884	ENSSSCG00000032088	55	51	0	0	6	10	7	0	0	0	0.020211972	0.21	0	0	0	Y	0
case885	ENSSSCG00000017861	77	72	1118	11	20	6	3	54	1	0	0.082666169	28.73	1	8	0	Y	0
case886	ENSSSCG00000038003	118	132	3265	89	180	9	10	172	4	1	0.218297241	0.93	0	0	0	Y	0
case887	ENSSSCG00000009564	58	85	489	16	21	5	1	28	1	0	0.199148428	0	0	0	0	Y	0
case888	ENSSSCG00000031485	92	100	557	12	77	5	3	33	3	0	0.024204506	1.57	0	4	0	Y	0
case889	ENSSSCG00000004041	102	107	1208	35	80	4	12	66	10	0	0.139946255	0.22	1	1	0	Y	0
case890	ENSSSCG00000034397	83	76	0	1	1	2	7	0	0	0	0.025622435	0	0	0	0	Y	0
case891	ENSSSCG00000027063	26	53	3284	33	120	5	7	175	9	0	0.06081669	19.02	0	0	0	Y	0
case892	ENSSSCG00000017501	100	101	34	11	22	6	4	1	0	0	0.199148428	17.27	0	0	0	Y	0
case893	ENSSSCG00000000593	49	48	17	17	31	1	3	1	0	0	0.027505696	0	0	0	0	Y	0
case894	ENSSSCG00000034127	50	85	726	8	11	5	4	53	0	0	0.086066306	19.03	0	0	0	Y	0
case906	ENSSSCG00000023868	59	57	0	0	33	3	4	0	1	0	0.242052768	35.3	0	2	0	Y	0
case907	ENSSSCG00000021620	52	82	983	77	62	3	3	63	8	0	0.277335058	108.68	1	2	0	Y	0
case908	ENSSSCG00000037326	91	98	0	0	8	6	2	0	1	0	0.048785257	0	4	1	0	Y	0
case909	ENSSSCG00000039087	83	137	0	20	24	7	7	0	1	0	0.026049129	0	0	0	0	Y	0
case910	ENSSSCG00000002306	77	89	5244	27	94	5	2	289	15	0	0.682512202	86.45	1	1	0	Y	0
case911	ENSSSCG00000003236	24	33	1016	4	6	1	2	95	0	0	0.241127357	7.32	1	0	0	Y	0
case912	ENSSSCG00000013784	38	45	29	62	97	2	2	2	12	1	0.199148428	69.14	1	0	0	Y	0
case918	ENSSSCG00000003243	27	27	198	18	51	0	2	27	3	0	0.086066306	4.2	1	0	0	Y	0
case919	ENSSSCG00000040705	48	46	0	0	10	1	3	0	0	0	0.027505696	0	0	3	0	Y	0
case920	ENSSSCG00000037825	0	0	0	0	0	0	0	0	0	0	0.19192986	0.42	0	0	0	Y	0
case921	ENSSSCG00000040538	95	121	9743	27	3	4	4	590	0	0	0.106540488	23.73	1	1	0	Y	0
case922	ENSSSCG00000002478	97	64	440	22	41	1	4	16	3	0	0.108645835	0	2	1	0	Y	0
case923	ENSSSCG00000016009	50	51	1617	86	109	5	5	104	8	0	0.242052768	7.19	1	3	0	Y	0
case924	ENSSSCG00000039199	56	100	593	12	70	0	4	25	2	0	0.120510699	0.08	0	0	0	Y	0
case925	ENSSSCG00000035161	69	86	795	25	34	2	5	44	0	0	0.277335058	20.78	0	1	0	Y	0
case926	ENSSSCG00000033692	60	58	2052	52	98	3	2	121	4	0	0.121872209	26.68	0	0	0	Y	0
case937	ENSSSCG00000020799	93	136	2054	121	213	4	2	84	14	0	0.277335058	7.33	0	0	0	Y	0
case938	ENSSSCG00000031351	86	91	6	19	33	5	7	1	0	0	0.05203467	0	0	0	0	Y	0
case939	ENSSSCG00000040111	85	92	185	6	148	1	3	10	9	1	0.120510699	0.03	0	0	0	Y	0
case940	ENSSSCG00000017262	56	95	541	18	42	2	3	27	5	0	0.06081669	2.5	0	0	0	Y	0
case941	ENSSSCG00000004578	44	88	1202	55	13	2	2	68	0	0	0.101995966	203.78	0	0	0	Y	0
case942	ENSSSCG00000030886	25	33	0	4	1	1	5	0	0	1	0.047576777	0.15	0	0	0	Y	0
case943	ENSSSCG00000039066	39	45	2846	3	6	0	7	207	2	0	0.06081669	0.06	0	0	0	Y	0
case944	ENSSSCG00000000668	105	78	304	11	28	6	4	15	0	0	0.199148428	0	0	0	0	Y	0
case945	ENSSSCG00000033930	83	120	197	0	170	5	3	10	1	0	0.199148428	0	0	0	0	Y	0
case946	ENSSSCG00000039921	8	65	114	2	5	0	3	4	0	0	0.017210573	12.5	0	0	0	Y	0
case952	ENSSSCG00000009697	45	26	0	6	10	3	2	0	0	0	0.086066306	0	0	0	0	Y	0
case953	ENSSSCG00000001715	104	96	4742	42	115	8	4	264	6	0	0.108645835	0.16	0	0	0	Y	0
case954	ENSSSCG00000028359	96	114	893	10	93	17	11	79	5	0	0.104114455	1.22	0	0	0	Y	0
case955	ENSSSCG00000016475	87	130	7062	9	22	4	2	350	0	0	0.218297241	0.6	0	1	0	Y	0
case956	ENSSSCG00000002316	45	27	488	6	9	5	3	29	0	0	0.06081669	15.32	0	0	0	Y	0
case957	ENSSSCG00000012825	19	27	180	26	58	2	3	7	3	0	0.199148428	51.43	0	0	0	Y	0
case958	ENSSSCG00000033988	72	86	8	6	15	2	2	0	1	0	0.023218507	0	0	0	0	Y	0
case959	ENSSSCG00000035125	96	74	155	6	18	8	4	8	0	0	0.06081669	0	0	0	0	Y	0
case960	ENSSSCG00000013509	19	18	504	47	13	2	1	33	0	0	0.153968325	2.48	0	0	0	Y	0
case961	ENSSSCG00000003275	30	32	20	4	14	1	4	3	3	0	0.241127357	0	4	0	0	Y	0
case962	ENSSSCG00000027271	63	81	0	0	7	4	3	0	0	0	0.023218507	0.26	0	0	0	Y	0
case963	ENSSSCG00000008029	20	26	359	44	39	1	1	37	1	0	0.122118663	0.9	0	0	0	Y	0
case971	ENSSSCG00000011833	34	30	3996	66	74	4	8	426	7	0	0.277335058	17.62	0	0	0	Y	0
case972	ENSSSCG00000034553	26	21	0	1	4	5	0	0	0	0	0.057000024	0	0	0	0	Y	0
case973	ENSSSCG00000008386	40	53	1885	30	57	3	4	117	4	0	0.121872209	1.84	0	0	0	Y	0
case974	ENSSSCG00000015794	51	67	483	3	24	8	5	74	6	0	0.086066306	2.23	0	0	0	Y	0
case975	ENSSSCG00000008202	41	36	859	44	70	1	4	74	5	1	0.085283635	4.5	0	0	0	Y	0
case976	ENSSSCG00000033223	63	76	0	0	0	2	0	0	0	0	0.19192986	0	0	0	0	Y	0
case977	ENSSSCG00000007218	97	73	129	14	34	4	5	5	2	0	0.037448263	0	0	0	0	Y	0
case987	ENSSSCG00000016134	65	97	725	38	78	3	2	28	3	0	0.153968325	9.97	0	0	0	Y	0
case988	ENSSSCG00000006728	87	64	3407	13	29	15	4	309	3	0	0.06081669	6.3	0	0	0	Y	0
case989	ENSSSCG00000009419	60	112	1390	28	180	4	2	81	4	0	0.06081669	12.35	0	0	0	Y	0
case990	ENSSSCG00000018415	90	117	0	0	6	1	6	0	0	0	0.06081669	0	0	0	0	Y	0
case991	ENSSSCG00000039786	1	0	0	0	0	0	0	0	0	0	0.037448263	0	0	0	0	Y	0
case992	ENSSSCG00000008447	68	31	10690	4	24	3	4	948	0	0	0.277335058	2.94	0	0	0	Y	0
case993	ENSSSCG00000038087	26	15	0	0	0	0	0	0	0	0	0.037448263	0	0	0	0	Y	0
case994	ENSSSCG00000005379	48	100	1857	31	18	4	4	125	2	0	0.085283635	0.73	0	0	0	Y	0
case995	ENSSSCG00000035694	113	132	205	1	10	2	9	5	1	0	0.05203467	0	0	0	0	Y	0
case996	ENSSSCG00000028227	81	61	1581	112	45	3	2	80	1	0	0.277335058	79.76	0	0	0	Y	0
case1005	ENSSSCG00000034724	55	33	0	0	0	2	4	0	0	0	0.020211972	0	0	0	0	Y	0
case1006	ENSSSCG00000030930	35	42	65	0	5	1	8	10	0	0	0.047576777	0	0	0	0	Y	0
case1007	ENSSSCG00000003086	41	48	34	4	7	3	3	3	0	0	0.139946255	0	0	3	0	Y	0
case1008	ENSSSCG00000030338	61	56	0	0	4	9	6	0	1	0	0.121872209	0	0	0	0	Y	0
case1016	ENSSSCG00000020199	47	37	0	0	0	1	2	0	0	0	0.027505696	0	0	0	0	Y	0
case1017	ENSSSCG00000018532	91	76	0	0	5	2	4	0	0	0	0.024204506	0	0	0	0	Y	0
case1018	ENSSSCG00000031455	63	81	7	10	12	3	2	0	1	0	0.027505696	0	0	0	0	Y	0
case1019	ENSSSCG00000003197	19	32	213	29	38	2	2	20	1	0	0.277335058	10.31	14	0	0	Y	0
case1020	ENSSSCG00000031954	47	40	2432	43	94	2	3	219	14	0	0.120510699	13.66	0	0	0	Y	0
case1021	ENSSSCG00000005086	32	34	20	2	77	4	2	0	17	0	0.038507618	1.27	0	0	0	Y	0
case1022	ENSSSCG00000000251	87	80	98	22	16	4	3	9	0	2	0.049230384	0	0	0	0	Y	0
case1023	ENSSSCG00000010404	49	54	1540	68	62	2	4	182	5	0	0.241127357	0.97	0	0	0	Y	0
case1030	ENSSSCG00000018935	79	105	0	0	1	4	2	0	0	0	0.199148428	2.22	0	0	0	Y	0
case1031	ENSSSCG00000014806	93	109	103	36	96	3	4	8	5	0	0.258821729	170.41	0	1	0	Y	0
case1032	ENSSSCG00000027893	37	40	0	0	5	3	8	0	1	0	0.374811516	0.1	0	1	0	Y	0
case1033	ENSSSCG00000035444	91	61	6	11	6	9	6	0	0	0	0.312453153	12.3	0	1	0	Y	0
case1034	ENSSSCG00000031440	28	40	0	6	12	1	3	0	0	0	0.15009327	0.31	2	0	0	Y	0
case1035	ENSSSCG00000011843	58	43	2399	68	145	1	3	149	8	0	0.75986646	263.99	0	0	0	Y	0
case1036	ENSSSCG00000009031	54	53	1785	33	93	2	2	113	6	0	0.054550257	109.14	0	0	0	Y	0
case1037	ENSSSCG00000028249	82	94	634	21	206	10	4	27	11	0	0.250621331	27.14	1	0	0	Y	0
case1038	ENSSSCG00000038445	69	56	91	2	4	4	6	5	0	0	0.030044555	0.11	0	0	0	Y	0
case1043	ENSSSCG00000011557	44	57	131	10	41	4	3	12	3	0	0.058129808	0.42	0	3	0	Y	0
case1044	ENSSSCG00000014168	31	41	1231	64	106	2	15	141	16	1	0.745928218	224.28	0	0	0	Y	0
case1045	ENSSSCG00000037703	57	58	0	12	13	8	2	0	0	0	0.879872892	23.29	0	3	0	Y	0
case1046	ENSSSCG00000017894	62	55	1122	33	126	0	2	55	1	1	0.049157174	9.76	33	0	0	Y	0
case1047	ENSSSCG00000017678	71	65	2060	39	112	3	4	150	14	0	0.250621331	124.72	0	1	0	Y	0
case1048	ENSSSCG00000026868	113	59	0	44	25	1	2	0	3	0	0.012557608	0.14	0	2	0	Y	0
case1053	ENSSSCG00000031520	76	94	214	17	25	5	6	11	0	0	0.012557608	0	0	0	0	Y	0
case1054	ENSSSCG00000022212	55	40	458	33	14	5	0	26	1	0	0.845905319	173.37	0	0	0	Y	0
case1055	ENSSSCG00000013194	142	66	0	21	51	9	5	0	2	0	0.045481961	0.39	0	0	0	Y	0
case1056	ENSSSCG00000031588	0	0	0	1	6	0	0	0	0	0	0.045481961	0	0	0	0	Y	0
case1057	ENSSSCG00000037164	61	45	0	1	5	2	5	0	0	0	0.15009327	0	0	2	0	Y	0
case1058	ENSSSCG00000013034	45	49	439	111	23	3	4	63	3	0	0.060276556	49.11	2	0	0	Y	0
case1059	ENSSSCG00000018857	54	55	0	0	2	2	1	0	0	0	0.15009327	0.72	0	0	0	Y	0
case1065	ENSSSCG00000036102	67	68	805	44	170	2	3	40	6	0	0.250621331	42.8	0	0	0	Y	0
case1066	ENSSSCG00000009946	47	64	719	126	53	6	4	42	2	0	0.250621331	81.2	0	0	0	Y	0
case1067	ENSSSCG00000007982	24	30	65	18	13	1	1	2	1	0	0.845905319	81.89	0	1	0	Y	0
case1068	ENSSSCG00000023797	36	45	159	2	20	4	0	17	3	0	0.312453153	0	0	0	0	Y	0
case1069	ENSSSCG00000023007	25	28	4	13	8	3	4	4	0	0	0.845905319	20.14	1	0	0	Y	0
case1070	ENSSSCG00000036363	22	26	240	11	54	2	2	12	3	0	0.104338414	10.74	0	1	0	Y	0
case1071	ENSSSCG00000020314	28	41	0	0	0	8	1	0	0	0	0.410137357	0.15	0	2	0	Y	0
